50 50 1511
1507 401 785 276 1089 1280 1432 514 1458 103 1092 716 185 1293 856 848 290 575 162 1342 280 1380 1237 162 1294 307 1106 1039 97 1272 1206 1029 146 1170 907 711 307 1359 1225 1508 750 917 809 1304 633 536 975 291 614 1327
1413 774 13 266 743 84 768 832 123 1117 701 482 1077 184 1059 650 1248 770 325 1077 1282 1391 1045 910 1231 611 1238 1266 850 178 1138 815 1308 443 613 1475 1452 744 1007 190 119 1123 631 924 268 467 914 146 832 1407
133 1249 124 686 323 7 629 1095 1265 311 373 233 932 653 796 857 832 978 1144 462 409 1307 367 384 959 57 1433 511 764 768 1186 654 1452 1481 1316 1477 318 1202 1465 232 892 7 1117 1299 1443 848 1001 332 684 26
663 1208 1017 24 829 708 996 2 13 1127 163 427 141 1064 1154 343 895 648 1357 586 157 886 41 90 660 466 271 550 1481 16 1210 1475 556 1003 524 613 279 637 515 915 1037 1206 983 167 65 336 695 551 777 866
1368 1120 1053 759 1200 1467 112 600 1005 7 94 830 66 729 133 358 288 800 1106 1186 1457 631 1262 669 147 315 839 151 797 960 1321 456 534 1266 309 1293 316 73 623 247 1066 1449 413 1059 1251 1044 1215 506 815 1030
1432 722 943 1287 596 1159 574 580 89 113 877 600 271 653 1409 928 584 123 742 88 655 256 1465 265 1271 1381 1165 406 453 26 636 799 153 1426 546 879 705 772 783 721 854 90 515 978 1136 699 952 113 141 137
263 1162 1054 159 522 1077 24 305 526 389 281 824 105 1065 398 1026 273 1293 1349 72 361 365 1038 482 623 258 440 605 203 332 899 587 1292 1466 1105 932 101 436 747 1461 1301 1093 490 1386 1300 1450 621 353 386 1103
1482 1277 239 398 467 1040 971 532 1495 472 726 270 1120 528 1465 1456 529 761 695 1360 315 1495 174 1344 403 381 105 1412 362 25 458 749 1377 1435 411 300 263 889 998 1408 873 1344 649 447 1254 985 61 728 1044 1133
1206 419 1128 720 1212 1358 929 550 865 1490 944 711 464 148 1388 41 41 179 796 61 1107 528 1340 497 1109 128 802 394 479 739 203 1151 355 1094 1110 1339 1048 1102 742 1324 911 1331 533 1499 2 332 502 473 1178 1361
1127 561 1069 749 1397 515 976 616 223 1452 524 83 655 989 1479 576 1498 1508 472 1466 1480 392 1300 138 1362 216 283 802 432 44 491 1260 493 199 835 825 39 501 1430 1337 554 777 550 970 840 1470 160 834 967 1429
438 1016 781 707 589 621 1414 173 166 935 429 847 1268 1412 215 317 1442 1078 27 1153 763 1318 562 614 96 422 482 76 270 229 105 1095 346 1043 951 252 507 1199 131 1407 546 1479 222 521 412 394 1433 1024 227 768
3 974 538 1415 38 208 42 49 1138 1112 781 943 1405 1436 1014 1094 585 770 238 1385 490 652 648 159 405 793 58 1217 672 597 471 103 627 662 1345 917 1468 1462 1472 321 643 54 777 551 661 838 1231 75 624 1396
445 1175 135 1250 691 92 190 331 1503 1138 1040 406 1213 382 323 403 25 1328 485 315 1260 1447 937 374 1309 887 89 1 731 1121 206 820 4 781 596 110 1404 2 910 564 644 1510 1401 53 1126 1409 158 233 329 269
381 1346 1488 1270 1107 741 1091 1268 1108 521 1222 615 786 1050 882 806 841 1297 1219 706 1403 1047 1439 373 790 103 858 366 1058 311 460 990 217 1417 830 723 1475 675 247 342 563 481 802 553 39 602 130 1086 867 260
191 191 559 626 1407 296 873 502 804 1022 1457 144 1374 438 1407 1408 1381 71 22 687 268 927 1471 1500 688 278 41 497 202 939 1175 376 851 334 18 356 216 739 1063 98 1211 617 1362 1195 1080 293 1323 1026 511 868
689 1369 185 233 1200 457 694 638 625 504 582 151 1484 1188 342 1133 1235 993 450 1201 161 909 1057 865 1245 1440 155 593 865 896 1272 1304 187 629 273 1205 879 688 523 1103 918 460 1085 993 1016 934 1130 1130 819 1480
869 789 1489 648 242 1393 1405 119 1379 451 219 496 469 622 1353 1217 475 67 444 999 161 422 264 103 1170 149 304 836 682 47 191 62 54 824 657 338 532 1319 895 306 1311 669 1134 820 1195 1107 554 778 1058 1037
964 1485 1146 785 834 33 526 380 376 349 866 298 1025 1490 44 811 992 501 1313 1296 1123 1367 428 1102 897 469 65 402 894 470 419 538 530 1411 1496 34 1037 362 1427 345 372 1381 1387 700 1313 250 1321 978 525 978
1239 481 135 1356 8 1493 1272 2 381 467 1391 1010 145 799 123 985 429 905 493 1315 539 813 88 335 181 1295 950 880 600 1457 1384 286 861 854 1019 742 425 298 112 432 721 1333 699 1098 946 1287 186 784 9 1316
230 159 680 989 1213 787 250 844 1308 200 1289 373 1141 358 1038 1497 1414 1365 776 765 527 804 1363 1312 1018 176 305 320 553 264 1431 1115 893 394 1334 1059 603 248 1446 448 1283 490 369 16 738 624 1289 616 1370 658
1108 509 656 174 889 442 353 1306 6 800 1293 414 1475 785 1217 226 1224 718 1214 253 1079 1306 687 328 810 1247 1404 762 499 764 1408 673 615 1370 1315 1441 118 660 804 1455 1211 27 299 1368 624 1076 689 914 894 18
1286 341 739 800 866 890 1128 1440 1440 540 1326 1271 1421 901 1117 342 510 1258 219 29 1114 910 839 1006 1449 483 132 1366 1473 393 490 381 502 1140 776 5 326 442 810 451 918 47 1002 875 195 946 973 964 1021 1139
1108 1077 205 1440 623 1331 1383 1425 576 1039 658 671 614 634 681 1208 231 511 1239 1005 1455 174 885 321 814 1452 905 635 1071 1284 449 86 540 1292 1165 1352 852 549 508 801 1482 1484 623 336 910 726 267 954 995 1342
664 351 72 1349 896 414 1016 1411 194 1446 112 235 823 1071 232 189 204 613 1104 1437 160 528 674 1291 998 734 110 602 692 620 1318 657 27 426 1136 995 54 122 306 14 1313 1056 684 1114 1290 1416 781 184 722 83
668 1369 551 1154 997 57 1439 197 86 225 647 867 1057 758 909 1082 1335 230 126 428 471 402 911 233 912 155 1062 782 292 1368 590 1223 1277 876 903 908 466 732 535 1044 126 1493 12 1217 813 1214 691 981 147 517
1013 1279 854 62 49 506 796 768 949 615 151 1101 1467 367 166 1353 1249 1081 360 951 1084 1186 86 458 1093 1105 32 819 1211 1466 26 394 719 342 1429 255 356 1394 1406 57 1403 929 785 1090 941 1473 804 394 839 1451
1135 1175 719 124 1328 384 607 562 453 964 1312 1394 455 45 1047 1142 1397 1024 261 422 1450 960 123 456 446 1206 1403 884 1180 823 219 284 670 1218 1181 960 856 1185 47 40 949 445 934 329 754 1457 856 1167 1275 542
1507 1305 1230 1382 897 4 655 1342 422 1360 1499 222 1374 1076 1434 333 877 437 648 1349 637 1282 1203 1345 1128 948 1027 1457 632 1414 737 1351 1268 24 296 1069 617 1467 434 1306 1494 567 397 1204 13 348 871 1194 1001 135
947 1268 64 165 1420 171 802 844 1006 977 437 1131 674 457 1107 314 1181 1462 880 466 1247 569 1282 852 649 1249 1049 170 710 718 945 415 1315 676 693 1340 392 963 1326 1034 265 532 1302 1153 1183 1445 127 618 683 440
76 1288 460 1000 1456 690 70 554 958 540 611 1278 208 396 632 515 1280 1375 1091 415 1296 1074 1295 807 1349 971 782 814 1047 156 602 876 691 1140 236 732 908 1083 613 222 553 1259 1028 69 455 115 1492 916 1456 508
178 1410 538 549 871 998 884 579 608 1287 253 1070 1168 1301 1436 1009 573 91 1141 1288 338 1262 1294 395 116 1304 300 1069 1494 189 648 803 883 427 613 702 1025 769 670 404 1394 1176 669 1121 671 1192 454 18 7 497
1227 725 867 857 1117 107 1045 478 1199 768 1406 110 326 846 1029 737 1247 1322 1317 230 721 32 20 1309 1225 579 1212 972 628 1348 1424 727 100 189 517 1198 936 1391 124 1322 1319 602 745 1064 983 31 1445 17 571 1449
336 286 220 809 483 426 128 265 1125 1214 147 443 1441 620 334 786 1149 848 1214 913 290 517 106 1494 632 117 1346 779 1433 110 262 737 1207 1311 732 827 1233 824 1458 1463 921 1485 291 1014 952 1450 937 244 411 385
873 1211 1200 297 557 419 1406 38 1385 167 374 1436 1505 501 298 1382 817 400 37 1003 1185 1105 1111 1457 262 1003 137 200 1033 392 1132 271 219 501 1170 491 1302 311 1128 228 402 833 989 242 664 1222 957 976 15 1163
1387 200 270 280 446 1163 486 1312 875 1415 884 1452 447 681 448 861 1473 1217 1267 324 313 1061 760 130 194 169 231 1437 425 1416 695 1093 1379 305 814 1486 461 1449 1471 768 1162 969 1288 1494 84 1047 1031 672 1201 539
218 384 1015 729 1370 1139 398 911 1408 1415 830 9 1326 648 1445 968 166 669 624 1123 159 473 585 1297 1053 355 971 864 1504 672 401 744 1277 370 518 624 1091 689 1454 1013 196 821 13 1026 874 576 990 1413 309 1079
449 216 1286 253 498 878 53 1164 237 932 1211 1287 402 49 740 269 55 1432 558 372 664 1196 185 1119 1000 1135 99 1222 389 182 976 1482 1096 1256 675 426 1241 123 482 1084 622 913 1259 1012 168 149 581 156 87 616
509 1073 546 1505 788 1338 441 834 1129 1261 439 873 357 232 545 1094 291 1234 1475 346 960 1477 628 356 689 69 1291 666 865 370 854 988 664 1271 959 163 1265 931 155 21 358 881 177 1170 1057 674 1509 721 1457 917
1144 457 888 1316 964 719 1194 1052 1364 1363 1183 354 183 88 545 915 1163 104 66 1003 1194 1473 266 916 193 1495 1117 1440 761 393 775 1498 487 1184 934 513 300 1132 205 1501 872 638 1352 489 1017 1505 126 396 1464 733
113 1388 1025 296 1353 1056 373 354 244 830 29 1090 28 344 687 1222 183 1450 428 401 69 1472 736 11 782 12 1485 1254 1196 189 878 1337 736 781 128 180 354 957 452 1437 547 182 665 127 1105 737 399 733 1106 1026
623 998 194 1488 1190 1008 1372 362 45 1242 540 6 1175 1174 1303 266 829 804 316 1465 327 1430 74 495 929 557 37 958 1464 83 1491 155 204 1077 380 178 95 1481 199 257 980 615 1214 1230 1428 1042 1364 646 1450 180
237 1036 279 107 1124 558 603 1374 397 598 1128 233 126 277 163 1450 1272 1305 394 1461 1485 1262 179 238 1059 943 848 1048 1398 1245 33 987 963 233 913 291 429 857 1510 1160 319 905 592 903 1458 1062 819 125 1079 509
1028 91 1123 642 637 798 395 1238 1439 681 898 100 888 403 1041 704 1086 344 497 707 1138 1159 126 1510 806 903 549 682 1350 558 1322 813 182 1495 649 1120 1005 1505 1156 1381 915 649 812 537 686 87 1067 1005 459 1101
1235 959 489 102 1441 344 1408 1216 312 680 672 780 1201 1311 988 1306 45 1358 956 123 580 200 540 253 949 1236 484 183 538 1220 960 1008 417 743 884 1303 1273 1331 1352 978 1240 862 1454 452 1471 307 855 665 621 1389
774 1111 759 408 426 409 312 272 1048 1079 981 1282 1361 629 816 695 494 226 1320 71 816 895 1362 1028 211 756 1465 1326 1033 667 849 1405 429 876 692 348 377 777 736 554 1404 188 1503 1204 802 1427 176 60 573 1480
615 1200 913 1292 451 320 922 511 1120 20 182 1265 752 1470 505 455 735 23 187 1380 6 236 1383 897 695 638 1335 629 421 1171 1128 669 302 895 891 554 844 875 1216 1445 1409 1217 233 508 109 837 718 221 875 1015
790 16 279 1196 1240 881 709 942 258 1141 1120 233 280 445 1446 759 975 822 1284 1293 367 1358 766 478 532 723 1051 838 64 775 68 527 928 1214 436 1426 20 1078 382 52 819 418 1247 1440 454 52 1365 303 295 818
1489 1426 77 1166 1044 1029 389 227 1215 132 337 850 3 1209 735 1292 184 602 606 1419 1470 1443 1256 1235 181 956 1085 174 607 1116 344 855 281 315 709 1329 773 1410 433 1451 784 353 1210 1157 688 206 1042 583 78 533
865 1066 787 1008 1113 28 481 718 253 214 694 148 949 1168 922 887 441 54 324 275 749 1403 1244 739 531 467 905 1467 796 1345 1121 373 974 269 636 334 50 50 1433 1484 162 1085 1363 52 50 1341 189 156 570 692
1242 1012 397 96 1032 1102 1020 1079 662 139 891 766 671 1306 903 367 1107 56 1167 646 199 932 194 1370 725 852 1344 1473 72 754 794 912 980 1312 808 296 533 233 1482 925 581 642 830 487 1239 1066 233 1491 1197 1181
