150 150 151
146 54 106 137 116 106 62 24 51 134 76 109 138 14 145 77 50 66 36 90 71 92 87 10 92 130 46 109 68 52 7 78 98 86 20 9 55 117 87 122 118 83 77 38 140 95 1 138 148 38 150 33 145 97 17 80 64 66 1 72 141 119 111 88 59 53 66 68 68 133 126 141 83 104 23 140 30 132 63 85 93 88 22 84 103 135 19 36 69 45 132 16 79 90 34 114 6 135 12 77 56 3 32 65 140 79 81 136 17 56 87 79 48 88 107 16 116 80 6 1 58 43 30 122 147 54 115 75 138 90 145 55 31 149 81 38 45 84 147 39 18 50 46 147 32 82 71 66 53 82
109 8 110 61 61 118 42 102 47 5 91 93 34 143 29 96 68 134 24 59 51 13 123 137 65 142 61 12 70 95 16 103 33 81 86 150 8 147 75 95 132 7 56 132 25 88 4 7 134 62 83 111 63 31 24 80 148 41 28 55 35 14 81 139 28 54 56 144 88 61 63 144 13 78 19 146 123 50 110 110 46 76 96 3 150 133 123 87 11 12 62 121 32 30 95 57 92 52 23 62 4 46 51 64 1 23 62 51 110 147 29 57 16 38 69 33 111 132 123 52 65 45 31 138 27 7 46 21 149 113 33 6 106 30 141 118 148 115 127 117 11 145 75 64 94 43 21 87 118 14
80 81 59 131 19 16 126 137 17 106 134 43 105 59 64 83 14 17 51 92 113 144 3 134 112 41 46 45 59 21 143 122 1 58 66 146 40 47 100 137 44 2 79 116 62 112 5 65 74 72 114 134 46 49 73 107 139 69 108 64 110 122 110 89 122 125 93 19 45 52 114 105 39 1 86 85 11 43 20 16 123 113 54 66 128 41 140 50 106 56 2 37 22 68 106 146 127 115 59 125 91 120 78 85 70 119 68 5 92 132 145 111 22 88 26 49 20 41 67 2 130 31 91 92 89 52 99 116 66 84 112 109 3 93 115 10 146 62 135 128 3 53 122 94 26 95 20 4 83 107
41 113 12 114 132 129 62 132 50 96 69 144 97 27 123 55 100 143 50 73 97 51 144 119 95 51 85 68 150 89 7 69 28 25 124 7 102 13 109 119 10 107 119 129 58 125 23 61 64 145 48 49 8 90 60 27 29 66 33 132 138 11 103 90 33 92 94 58 116 136 12 32 86 62 90 124 72 81 76 32 29 95 22 72 64 109 107 111 35 147 54 147 11 117 6 32 129 10 101 96 15 67 96 19 130 45 55 61 50 27 2 67 107 140 11 9 42 14 122 141 149 145 35 120 96 65 147 90 14 40 7 26 3 101 133 78 53 111 2 71 99 104 51 33 38 22 47 9 107 22
40 84 111 47 108 10 65 42 3 28 44 2 1 42 18 126 5 83 52 147 125 91 118 51 72 122 44 42 98 113 11 78 126 43 135 124 74 97 2 89 6 107 47 89 139 52 75 84 34 115 102 40 55 42 74 19 55 37 18 12 125 23 106 44 50 3 119 93 138 16 7 16 35 122 27 64 43 43 25 29 61 116 99 133 93 33 126 74 26 34 99 108 40 58 107 56 112 6 17 45 107 150 110 95 144 95 105 120 141 73 133 41 134 139 60 76 79 70 73 118 71 12 72 112 108 95 129 96 107 147 109 138 5 54 16 126 71 56 49 71 135 51 77 105 20 82 10 33 94 77
76 63 88 37 8 29 19 42 52 118 5 137 106 96 61 58 127 34 136 89 29 85 29 129 23 97 1 36 49 54 117 105 86 5 60 61 78 77 86 123 14 124 83 12 132 115 88 115 29 22 86 54 83 5 65 147 8 116 69 147 14 102 89 5 98 10 108 73 34 33 6 133 17 81 18 19 65 141 41 85 15 98 140 60 45 1 46 38 16 18 16 84 21 64 131 95 134 140 66 63 19 41 81 87 134 89 54 123 144 11 6 41 126 21 45 65 129 142 120 75 149 76 64 134 65 86 135 63 10 5 47 104 53 1 42 33 150 5 16 145 68 141 20 121 101 75 96 5 140 72
111 149 3 8 145 120 76 93 43 99 106 146 113 16 8 67 101 40 143 38 96 34 22 45 135 71 112 129 30 124 111 110 61 45 126 17 141 48 74 40 136 54 115 113 81 144 131 105 38 138 100 107 32 40 120 43 79 34 147 135 15 91 27 70 96 84 83 15 97 12 31 123 55 55 141 33 64 129 72 16 43 125 24 148 117 48 88 135 103 114 40 19 27 140 124 42 33 112 109 113 31 92 73 59 47 70 68 79 149 104 132 56 99 42 82 84 116 50 43 94 88 28 11 69 95 27 41 20 101 100 131 65 38 144 4 56 96 123 57 84 137 147 21 74 74 72 5 42 145 148
95 109 19 18 146 31 32 135 75 3 50 78 132 147 62 44 24 94 64 97 95 26 125 53 74 62 5 115 50 67 20 80 44 86 7 101 73 22 31 24 11 88 97 83 116 129 142 82 113 49 13 95 54 81 32 55 58 37 150 70 41 32 77 83 106 150 135 89 66 41 71 101 55 94 135 122 143 131 137 131 114 144 8 134 120 77 144 26 45 119 87 28 110 117 14 97 61 149 102 77 38 37 29 38 86 108 69 53 89 18 143 36 56 11 109 101 17 83 91 149 126 27 139 141 38 126 15 79 44 74 135 100 118 40 145 74 136 51 16 123 96 95 80 107 111 15 123 117 93 2
148 31 55 7 44 123 124 101 51 127 106 121 72 10 73 51 45 103 130 59 150 39 90 56 112 22 113 78 33 64 142 137 38 78 4 103 77 29 90 87 69 76 16 95 84 135 25 148 77 5 10 119 10 71 67 132 61 49 53 14 95 12 146 134 70 12 43 135 83 124 89 69 5 149 101 1 35 86 42 92 53 101 105 131 102 3 54 86 21 40 59 67 33 40 124 135 91 106 2 96 24 4 20 116 5 94 108 12 129 41 17 58 84 83 143 34 120 48 78 105 94 35 74 24 61 96 2 93 51 20 117 39 146 22 146 120 148 51 92 55 108 137 99 103 18 105 26 19 11 66
138 102 86 27 125 69 147 147 18 58 121 2 123 41 60 81 127 34 141 120 8 10 4 73 10 84 136 60 141 46 66 75 23 104 53 22 147 13 55 7 46 119 68 71 122 130 111 51 9 71 7 1 67 9 140 32 97 16 53 109 7 69 104 104 149 143 59 93 17 109 26 5 109 74 104 110 125 113 90 83 92 21 39 65 36 40 118 64 94 16 63 11 125 142 48 50 65 15 137 48 50 125 5 97 28 122 140 114 40 46 38 63 52 57 55 115 122 58 149 8 145 108 33 92 69 12 139 75 67 79 18 122 125 101 33 140 44 127 132 73 40 71 89 119 47 49 23 50 147 94
86 67 79 65 55 85 80 103 4 103 136 128 61 66 127 130 77 62 127 40 81 122 96 19 29 53 3 39 110 69 2 21 56 108 144 90 41 36 10 53 146 67 105 76 45 44 124 28 123 101 6 107 146 145 40 133 75 138 73 37 10 67 16 28 99 147 140 87 74 111 12 150 16 78 117 128 11 88 17 100 6 8 45 18 13 112 55 139 54 65 52 112 17 13 14 105 31 62 94 74 40 134 7 107 77 21 49 48 113 118 142 103 93 59 97 60 6 129 120 71 1 55 16 78 67 144 23 38 107 146 148 125 111 32 19 141 146 48 83 95 13 31 54 75 16 105 6 76 102 81
123 30 62 40 125 51 3 72 150 142 49 72 55 45 40 36 145 79 28 136 6 122 67 68 26 59 14 134 82 83 120 98 28 96 145 17 51 116 27 29 48 105 58 14 146 116 100 147 77 38 9 25 10 64 80 111 17 28 133 12 5 91 129 71 145 112 43 104 148 56 17 22 88 22 92 92 101 143 127 40 107 102 52 116 145 63 96 22 108 57 129 26 123 102 84 127 148 5 30 112 62 78 59 39 150 106 128 65 73 86 111 105 127 31 85 86 147 3 101 29 72 24 113 35 111 1 137 54 141 109 56 39 26 24 75 34 134 25 111 64 149 42 140 112 142 13 6 61 71 45
115 142 44 43 128 92 49 91 136 31 34 99 100 92 66 33 99 131 11 13 40 49 115 105 36 72 50 124 127 12 130 137 78 122 139 129 65 45 31 83 141 123 125 3 64 69 144 37 49 150 143 127 2 150 123 128 105 37 40 24 19 17 144 144 18 66 79 135 146 7 48 56 71 76 93 117 129 9 88 125 16 19 56 117 50 67 98 135 77 17 89 23 123 112 110 122 34 6 44 83 140 106 70 128 38 119 9 52 130 82 46 104 129 75 46 124 97 13 129 107 109 15 87 22 34 134 103 144 95 2 23 144 69 63 74 112 35 141 32 87 27 94 148 25 116 93 145 56 9 11
86 20 70 41 125 40 124 25 96 29 99 35 96 121 78 28 94 99 102 1 91 142 28 45 75 89 35 75 22 102 62 134 51 48 135 58 58 21 138 120 56 35 12 57 60 144 113 49 136 2 20 33 38 40 59 132 110 114 104 55 81 57 24 51 96 79 143 62 39 16 64 47 8 38 23 124 79 141 61 74 67 103 111 130 46 132 132 9 61 60 38 8 106 96 75 5 121 103 2 149 37 143 111 5 74 95 72 32 94 122 4 19 7 143 33 136 42 15 131 89 138 64 1 43 112 139 23 87 22 57 71 29 136 98 44 1 75 56 128 1 100 88 4 76 13 85 26 95 147 12
74 28 127 136 143 86 54 31 67 21 104 28 73 116 30 66 29 67 43 52 57 146 41 23 20 123 106 97 115 51 142 47 102 139 13 149 11 35 105 26 84 59 86 105 120 69 46 72 35 35 17 15 140 51 98 129 69 78 72 149 13 28 120 28 70 131 26 39 125 95 84 40 68 150 120 78 54 1 90 15 20 47 37 136 14 141 98 126 18 66 2 87 110 115 146 99 62 140 13 33 89 128 150 131 138 123 60 52 66 125 118 145 23 34 43 38 121 45 41 103 54 85 139 89 140 116 59 107 89 80 150 121 142 72 22 66 91 90 28 73 30 24 122 111 32 106 31 49 129 130
120 14 70 104 86 85 63 83 42 131 91 115 45 21 67 98 140 3 57 68 28 15 7 78 26 85 119 108 87 14 40 50 26 53 147 14 60 134 28 108 103 30 105 13 145 80 145 67 125 46 83 60 80 128 56 107 108 121 7 83 96 110 103 72 3 64 50 80 85 48 70 76 128 84 124 53 74 149 28 122 78 129 4 55 70 21 66 20 67 59 144 142 46 35 53 136 4 78 41 97 58 101 40 149 128 145 121 39 73 132 40 43 41 50 1 88 94 62 11 135 88 117 100 96 106 37 41 45 28 8 12 34 71 30 73 72 138 90 128 148 37 6 66 13 64 36 21 124 102 115
113 145 118 23 86 68 100 51 26 50 6 67 2 2 63 131 106 84 57 77 42 14 94 84 129 130 85 23 92 15 100 122 1 116 97 3 41 106 149 84 21 146 146 50 88 88 46 115 132 37 7 50 126 84 131 69 36 108 42 16 126 148 101 17 87 146 84 31 104 90 39 61 67 36 5 113 90 80 3 38 116 6 60 1 27 71 93 113 44 76 139 112 59 24 12 63 49 104 77 20 76 44 112 96 43 10 99 88 77 6 98 10 10 10 64 80 107 49 91 41 46 38 32 55 44 145 2 143 59 41 7 105 42 33 107 150 19 113 70 70 142 8 43 64 95 62 60 118 40 41
128 103 104 43 30 127 20 85 98 23 91 24 46 95 122 12 113 17 11 63 116 110 134 49 127 58 1 130 146 121 117 43 30 1 147 94 16 19 131 80 43 105 67 13 46 111 51 146 135 95 34 69 4 114 108 66 139 146 29 53 39 54 12 126 143 33 38 17 88 55 4 6 27 89 128 35 12 36 133 122 14 119 98 64 108 101 81 44 89 128 62 78 33 52 33 131 79 39 51 148 119 75 64 94 122 95 41 89 32 100 10 55 128 111 31 114 86 120 128 114 14 120 117 26 117 148 28 34 47 93 56 14 141 122 15 68 134 105 60 48 115 135 88 82 103 130 28 137 17 74
24 49 109 98 21 2 91 2 105 14 39 85 134 109 45 86 39 55 93 150 123 3 145 148 133 113 94 89 33 74 97 65 146 121 99 86 126 127 37 138 20 14 29 81 104 62 67 122 100 43 126 19 36 57 60 2 61 59 32 23 16 12 37 32 8 78 51 65 127 105 52 17 50 135 41 59 140 114 136 76 53 73 114 31 125 118 94 85 10 78 32 8 37 7 91 50 61 121 115 111 92 145 128 114 42 31 22 148 126 118 106 82 30 48 69 1 80 22 102 41 24 2 118 101 129 12 82 13 117 43 102 50 85 4 92 32 41 51 62 88 63 137 71 13 5 141 71 10 77 118
17 142 119 139 2 67 129 111 14 46 70 53 88 84 28 60 116 50 146 110 102 22 96 1 80 22 13 128 125 55 133 131 88 77 45 12 147 20 120 72 44 51 119 115 59 143 47 108 96 69 51 48 13 2 144 50 45 16 44 54 115 47 44 35 119 83 59 4 13 79 92 144 82 109 31 49 33 48 34 34 39 53 54 134 66 77 108 75 91 14 27 111 25 144 104 66 50 91 87 70 12 6 85 122 22 126 145 17 128 64 18 75 100 86 147 147 74 88 140 49 3 18 133 105 21 68 5 31 84 21 107 125 51 70 97 59 130 134 29 17 56 78 116 80 99 44 15 1 83 31
33 38 28 134 67 145 16 105 87 77 98 87 37 68 138 12 11 108 55 125 50 107 27 78 113 149 139 24 80 81 140 11 75 122 114 13 94 34 112 16 20 148 108 44 19 48 6 74 101 52 45 129 110 29 6 41 114 148 116 35 118 105 82 49 50 125 45 26 53 21 147 93 147 3 147 124 114 53 141 87 120 22 125 108 134 71 111 7 108 70 147 2 83 65 135 81 40 37 131 69 130 77 86 106 149 59 121 128 45 55 70 21 96 26 90 149 67 56 16 87 144 6 60 109 121 58 48 19 17 146 24 118 92 97 6 2 102 146 21 42 81 144 61 135 112 68 127 28 48 61
72 69 132 51 103 65 62 73 116 57 83 61 113 56 73 129 8 149 44 6 130 35 65 91 122 58 73 116 11 75 74 71 138 71 40 31 92 65 116 110 71 114 25 22 139 142 111 87 22 62 34 140 78 141 131 9 108 28 75 136 4 5 7 43 31 46 11 31 48 127 28 23 14 141 56 38 145 59 117 94 65 108 100 6 52 124 58 55 89 81 93 70 13 6 84 31 73 131 89 25 39 52 147 54 64 22 69 59 108 84 18 125 68 61 12 62 27 14 131 142 77 44 104 12 33 60 105 147 35 36 41 53 26 144 28 73 103 45 62 149 40 88 132 41 2 94 132 16 26 55
41 86 99 35 49 134 18 94 107 63 99 148 113 84 30 89 9 119 104 51 43 123 134 38 34 136 96 91 32 62 48 134 70 65 7 31 134 8 44 112 27 42 102 77 27 122 93 59 50 72 91 69 134 51 85 32 126 57 86 18 105 49 115 41 23 107 128 11 80 101 23 129 133 85 137 32 124 125 143 97 136 70 106 132 36 37 130 48 62 79 3 110 128 98 131 80 38 76 29 66 89 147 117 82 45 75 113 5 134 41 41 83 26 115 95 69 20 40 108 58 39 10 91 82 105 83 107 3 47 134 43 78 15 131 24 25 87 117 111 65 15 116 64 48 70 89 136 79 2 106
45 35 130 81 133 77 32 97 17 16 145 123 120 41 123 60 105 5 118 17 44 78 141 46 6 19 90 25 122 51 15 14 44 68 111 143 94 79 36 10 46 115 56 106 135 125 28 68 91 30 77 20 103 40 105 115 88 95 13 91 22 68 131 124 39 13 100 12 129 13 47 4 59 103 130 75 135 23 102 54 57 132 17 135 82 130 60 113 34 138 71 12 115 148 146 39 56 59 58 65 130 42 128 29 33 139 20 55 35 19 124 97 39 134 46 18 33 122 17 1 98 30 98 104 26 38 95 21 90 112 76 133 61 22 55 68 74 113 140 31 47 14 105 98 32 142 44 117 137 81
103 51 31 20 105 80 107 28 58 126 108 45 55 132 57 141 43 112 53 88 130 52 137 142 76 31 143 125 122 112 144 91 122 120 98 101 5 35 75 118 106 37 59 147 9 101 8 6 98 140 91 4 138 95 120 33 95 60 28 104 120 52 117 80 117 113 90 135 58 52 118 44 25 145 33 40 125 48 36 43 57 4 107 33 22 22 47 77 73 66 26 120 137 23 46 83 60 50 139 64 146 104 7 25 119 49 81 51 129 11 106 129 105 82 113 69 23 61 114 12 117 42 106 126 120 130 77 135 121 45 32 3 17 49 4 77 49 122 110 77 70 149 43 82 124 127 136 52 149 67
142 10 122 125 47 69 1 69 24 42 57 72 76 134 44 74 76 98 38 106 105 72 41 121 98 87 2 147 125 96 98 33 25 74 8 97 84 53 114 36 7 37 52 124 58 103 4 149 136 65 63 148 52 103 77 29 132 102 121 126 46 131 123 76 124 1 61 113 62 95 57 1 14 112 36 71 71 91 17 28 97 25 87 32 69 79 58 5 10 91 44 38 118 131 21 85 72 4 91 131 103 1 61 55 37 126 134 30 126 53 118 82 55 27 112 149 117 123 69 141 31 150 128 101 148 4 150 105 37 10 136 66 46 124 71 57 53 35 145 20 46 46 134 75 25 79 143 113 43 65
91 85 40 57 103 126 43 36 34 105 117 91 12 71 71 31 37 40 68 122 149 142 110 107 107 19 44 38 135 26 6 4 124 117 110 120 43 3 33 67 128 39 127 17 88 49 93 142 4 20 141 22 34 127 62 139 87 57 147 32 73 64 53 17 10 117 130 44 81 56 111 35 61 19 98 49 103 113 84 128 118 34 36 95 64 81 114 47 30 98 127 131 83 70 46 146 18 46 136 121 109 118 6 150 30 104 70 29 128 85 40 125 131 135 45 29 126 43 86 6 71 95 104 105 94 58 85 105 26 86 122 114 127 111 74 38 26 91 72 67 15 70 62 52 146 149 28 44 82 115
123 104 105 77 18 19 131 121 22 133 114 42 119 24 90 40 40 14 114 101 115 65 145 68 8 53 27 106 69 92 38 102 56 90 102 72 61 23 50 80 120 71 70 68 148 143 52 12 128 83 58 146 28 5 118 147 120 141 140 13 107 80 146 113 150 97 30 72 68 42 106 66 31 105 61 140 127 138 34 21 29 142 58 136 11 11 29 60 38 117 113 109 134 26 21 37 8 21 61 99 25 122 68 37 80 38 18 57 60 72 106 4 99 1 142 140 36 110 24 45 45 137 7 103 146 90 40 49 7 68 48 60 82 75 38 50 126 101 11 82 36 23 146 97 57 42 122 27 13 91
67 89 106 23 73 62 103 79 55 118 30 140 96 19 5 150 56 146 130 25 36 113 23 73 142 88 110 109 48 111 46 26 139 112 23 125 16 140 127 8 40 31 109 73 104 145 84 147 118 140 45 56 92 105 99 78 96 126 38 120 105 137 35 55 94 36 4 103 62 67 134 147 113 113 7 72 94 38 125 32 122 133 73 135 43 93 71 60 84 2 146 16 66 64 93 97 37 70 37 40 81 39 129 84 131 53 89 131 78 83 140 143 138 111 7 148 130 34 122 75 135 62 147 12 15 147 126 77 31 47 37 139 96 7 118 83 65 77 149 19 10 4 60 126 109 43 90 12 44 131
18 142 23 97 11 79 125 71 127 87 129 21 140 66 150 59 16 11 133 26 123 59 85 127 10 128 55 84 143 78 13 34 51 6 3 38 37 76 77 99 79 6 69 51 36 104 112 104 6 150 65 16 57 4 62 47 133 27 24 62 129 133 122 34 104 122 89 140 142 21 14 80 66 69 125 113 64 52 138 85 1 148 9 142 131 140 71 57 121 48 40 44 107 1 135 38 28 4 138 118 55 96 12 130 33 138 66 149 121 26 61 95 61 29 135 96 33 23 33 60 122 19 58 13 79 20 109 1 149 105 112 103 20 61 92 96 23 109 5 78 47 57 24 7 68 146 95 116 95 119
98 47 117 138 13 122 1 86 114 135 34 53 148 85 9 140 140 52 88 130 4 119 129 64 7 65 76 115 17 61 80 83 146 73 69 11 72 3 118 2 78 124 77 132 74 100 107 136 105 114 99 53 143 114 80 73 53 150 121 5 148 115 54 138 33 20 11 11 78 109 69 130 12 91 4 20 125 133 97 13 16 8 2 107 32 102 129 124 127 25 86 121 7 40 52 24 93 97 140 31 75 119 123 56 65 120 122 13 13 24 87 50 128 29 47 58 138 108 15 121 104 143 127 92 66 79 109 31 71 102 139 89 130 136 123 98 150 19 6 68 131 134 116 14 53 34 56 28 10 148
141 131 5 99 110 1 103 34 23 8 90 74 65 80 44 66 107 105 49 6 12 21 34 33 113 97 108 64 74 72 99 35 82 147 122 50 44 14 46 15 39 37 87 127 150 2 44 59 64 75 148 48 97 87 4 38 41 52 45 83 86 62 59 68 55 68 105 39 137 32 32 66 46 31 88 54 95 89 22 144 114 99 10 137 5 101 114 53 99 7 133 40 26 129 98 124 84 31 88 83 111 20 135 63 82 3 104 140 143 54 127 99 106 8 52 132 57 23 143 140 5 25 8 115 59 143 41 127 89 149 140 97 32 43 21 74 96 69 129 125 49 91 61 33 41 2 77 150 24 121
150 114 128 3 96 102 60 121 51 57 74 122 107 136 86 62 135 24 121 65 101 63 92 39 84 58 24 134 77 54 137 60 100 58 104 127 19 140 134 140 30 63 4 82 21 132 108 116 57 41 57 105 61 73 58 28 91 138 64 143 132 34 114 112 124 78 27 18 118 37 6 130 63 44 46 6 35 143 11 118 15 21 117 61 38 65 127 5 40 89 70 59 12 112 137 93 93 22 118 123 82 20 126 45 96 53 34 126 100 127 55 108 77 19 73 116 124 147 124 107 38 78 130 100 83 13 150 94 84 44 56 4 52 65 128 38 107 91 107 101 80 138 136 27 91 8 83 90 149 88
4 26 68 49 11 57 131 79 131 98 146 50 2 113 27 138 19 16 14 50 137 26 10 97 43 102 16 72 139 144 138 18 53 90 79 62 70 115 82 73 137 95 53 71 83 140 145 31 38 98 103 147 3 106 105 107 51 38 82 83 3 62 102 94 40 40 94 120 118 1 64 3 149 120 118 78 72 96 62 18 114 17 94 65 37 126 83 29 68 141 134 22 107 26 144 90 117 66 123 103 102 96 66 73 87 89 145 137 132 32 71 148 30 135 139 64 98 113 82 110 7 149 40 20 150 114 105 123 73 83 74 137 118 117 40 30 140 99 99 129 43 103 106 30 21 6 16 89 62 66
65 125 39 97 26 84 134 36 117 119 30 6 35 113 56 56 72 48 89 41 62 50 6 129 75 39 59 134 32 68 149 65 56 31 21 77 63 68 39 62 99 117 146 77 3 20 16 95 54 66 29 124 9 29 51 45 41 36 129 26 125 37 91 74 97 91 135 38 138 10 138 100 31 94 35 127 48 102 95 63 72 5 135 93 108 137 117 23 101 60 50 27 7 71 89 141 47 38 30 44 90 44 82 129 114 123 126 42 30 49 93 114 4 103 30 59 79 118 121 49 79 61 140 122 12 107 136 3 91 115 56 141 33 126 85 46 114 120 149 131 51 70 105 128 6 129 111 32 18 133
93 120 111 16 17 68 78 41 144 102 46 70 25 27 49 63 81 71 83 101 84 142 63 46 43 38 70 83 11 150 10 6 39 53 54 62 100 41 11 53 57 130 30 101 106 120 38 117 93 91 106 139 124 29 12 113 95 116 9 61 110 145 76 140 125 46 63 9 137 24 135 44 91 42 46 101 85 145 145 112 91 33 61 64 101 26 36 130 18 14 79 16 6 134 35 56 125 73 3 17 117 42 91 124 127 76 29 101 80 6 105 79 80 130 60 116 149 68 15 129 110 19 116 130 133 64 13 11 31 5 9 6 74 60 134 15 64 10 64 41 100 11 71 69 58 36 63 5 25 130
110 19 142 42 144 34 119 17 35 20 3 67 77 92 90 25 53 124 84 12 147 67 85 80 93 81 25 133 121 102 102 73 11 10 137 78 143 52 110 72 97 110 74 105 65 41 112 83 50 90 3 83 103 36 124 60 148 63 9 107 35 59 29 121 28 66 68 116 106 49 63 137 122 22 77 34 80 114 95 95 32 32 68 119 60 77 67 36 93 45 76 24 78 50 79 77 103 33 61 99 1 36 100 96 94 82 123 24 119 106 106 73 73 35 89 106 109 7 123 144 139 141 108 38 58 94 133 11 31 122 89 104 9 146 86 142 136 17 23 22 66 115 131 138 149 52 73 62 142 34
82 121 63 38 72 115 124 98 31 4 76 69 111 54 36 128 137 55 97 118 14 8 89 80 127 146 96 77 68 109 123 132 68 108 150 140 9 44 108 137 118 50 60 62 33 10 50 99 70 22 31 82 91 79 20 102 13 37 78 36 54 97 124 139 45 142 49 69 69 108 74 40 2 89 48 115 43 82 33 25 115 92 101 104 81 60 68 129 67 10 134 110 59 16 59 41 15 56 30 2 7 70 31 9 142 78 62 97 124 113 64 40 41 54 53 116 117 138 58 52 142 22 96 39 85 63 116 123 46 102 19 90 144 42 118 18 57 125 4 42 106 99 86 28 97 52 143 147 133 128
13 114 134 49 64 83 98 36 124 74 141 37 105 31 45 135 30 57 56 120 50 25 149 13 133 16 31 53 51 29 77 13 1 22 44 46 48 44 74 117 108 40 10 51 19 34 110 126 3 50 36 131 22 99 3 96 57 103 121 114 67 12 99 116 115 19 95 26 110 140 68 134 19 59 61 68 20 23 111 18 14 13 60 144 6 131 66 100 10 124 72 49 36 84 141 142 71 85 100 66 128 115 54 67 65 106 122 110 23 25 144 141 13 121 150 140 32 112 36 14 56 140 25 77 43 78 86 112 43 9 86 30 139 3 26 113 137 97 76 17 18 117 98 126 101 121 112 109 63 60
57 18 53 104 92 34 27 94 2 39 114 90 94 80 53 17 110 128 84 88 103 120 78 17 2 8 57 98 19 8 8 47 34 80 106 148 67 144 115 78 120 20 71 49 18 114 6 107 104 13 52 35 7 12 140 24 74 10 132 2 113 12 150 131 114 98 11 41 112 141 6 68 140 128 109 13 149 37 64 13 66 61 54 42 126 97 110 72 95 67 56 40 72 6 109 99 116 87 96 28 111 54 43 43 101 4 125 90 20 142 86 61 98 75 74 58 5 138 83 140 110 148 61 86 4 82 133 128 91 145 96 4 57 72 26 40 124 98 19 6 91 113 52 36 102 136 7 22 24 133
73 115 97 133 98 71 37 6 23 19 61 70 30 13 55 132 111 65 73 143 133 51 95 59 106 131 23 139 101 94 14 78 86 7 77 122 8 65 86 52 67 18 3 39 85 149 40 98 27 129 9 45 130 70 15 131 39 36 97 50 13 133 46 145 37 41 58 136 45 128 130 127 52 61 63 131 67 31 49 96 147 48 1 62 29 115 49 91 84 84 51 38 123 70 106 85 102 48 55 30 123 106 14 70 66 76 119 115 74 133 66 102 109 5 106 20 125 99 25 116 103 139 78 103 13 103 24 29 80 46 78 100 14 45 36 12 82 128 112 32 15 43 42 119 117 121 26 42 43 2
142 79 144 44 85 22 5 97 41 94 115 6 99 148 149 13 31 103 43 130 125 19 60 130 23 42 17 107 102 50 92 60 84 21 36 4 111 84 93 18 9 131 91 73 103 34 51 107 92 48 53 76 86 134 107 41 5 126 119 59 105 11 139 35 61 33 64 45 3 85 45 71 8 109 72 66 120 87 45 86 79 76 20 72 50 140 94 134 23 36 115 31 50 150 91 83 53 87 68 34 53 1 72 103 141 129 81 92 103 86 30 132 122 40 7 8 66 91 121 35 85 32 87 62 90 66 18 43 105 17 81 63 123 100 32 131 78 113 47 137 77 126 111 113 86 96 67 81 112 108
49 104 123 1 111 92 9 123 102 96 103 26 56 108 129 33 123 86 89 49 26 126 135 103 13 62 142 22 82 78 63 4 37 32 103 61 98 149 129 49 90 130 33 42 42 77 149 65 2 137 1 34 85 71 35 146 106 12 122 104 73 72 70 30 124 126 42 143 97 31 6 16 112 60 59 134 114 17 37 60 59 140 77 73 33 67 13 36 83 88 141 13 97 107 148 107 98 133 95 9 49 123 120 71 85 108 104 36 6 80 76 25 7 21 112 90 140 39 137 108 67 57 112 146 110 65 59 18 42 117 125 130 7 77 138 93 123 112 9 59 126 107 51 106 16 127 111 96 52 56
82 91 50 62 99 56 47 108 30 57 25 12 46 51 116 1 137 126 51 119 104 142 137 28 60 20 27 61 50 123 77 97 56 8 144 43 126 134 32 17 89 2 34 88 42 126 115 50 54 53 81 89 39 40 100 130 130 111 132 126 109 30 110 31 12 148 147 17 43 97 142 92 71 60 65 101 66 136 127 14 38 84 115 85 139 13 125 103 46 57 125 108 10 127 59 24 148 145 31 35 73 33 70 129 37 16 73 22 149 1 138 8 30 142 112 57 96 116 105 76 49 80 139 46 46 97 66 8 22 103 59 10 62 23 100 122 140 25 63 52 24 80 116 138 107 60 149 100 135 74
16 150 67 13 79 136 150 84 94 24 123 124 42 66 119 19 137 10 65 93 105 31 43 111 59 21 24 127 90 59 8 45 140 61 110 71 66 91 36 7 136 144 128 138 6 93 131 107 145 124 34 24 25 64 112 108 28 47 38 44 15 101 53 118 12 20 97 135 85 115 80 17 107 49 3 73 147 67 59 107 22 150 47 3 17 143 43 99 108 82 135 19 48 38 25 6 62 72 2 13 29 47 29 137 29 14 3 8 44 96 50 45 37 19 111 124 140 18 24 111 99 129 36 44 43 148 147 55 35 26 102 71 30 143 111 145 41 54 23 48 149 84 33 52 47 29 144 41 39 72
57 19 14 125 47 20 139 51 135 118 46 134 125 110 145 74 5 40 144 105 90 94 68 55 81 99 7 126 122 39 58 135 128 139 109 65 70 85 93 105 103 133 76 82 1 116 13 114 5 46 112 123 106 133 108 33 126 77 51 106 6 137 45 11 98 12 87 92 137 72 97 134 67 84 150 12 26 5 87 67 6 1 62 137 64 16 81 79 149 101 23 69 123 43 17 146 141 147 16 148 146 3 20 25 139 27 142 130 78 143 59 143 31 84 58 96 101 23 81 104 91 72 55 83 41 105 57 122 33 62 126 128 65 78 97 26 93 28 5 150 81 41 85 80 110 77 10 40 114 91
13 128 90 61 61 119 44 34 136 136 93 129 78 18 78 68 73 98 135 147 107 131 33 109 107 123 118 19 77 17 47 23 10 69 3 111 36 8 21 51 103 129 109 134 47 71 40 9 59 112 106 16 88 118 63 110 36 99 37 38 63 132 126 139 86 58 140 73 126 150 26 51 96 104 17 104 8 18 92 127 66 26 134 84 140 92 102 102 29 59 10 141 132 68 141 49 27 73 53 40 144 125 87 128 110 46 111 32 52 127 24 118 82 57 48 150 95 81 136 139 44 11 9 30 114 105 1 3 59 10 50 39 53 108 142 63 105 46 19 92 88 26 56 111 48 48 143 90 22 127
86 92 10 144 97 71 97 18 122 47 127 80 140 93 66 4 147 124 37 1 127 86 83 25 145 49 144 99 41 66 60 121 135 23 58 103 150 29 115 134 22 150 34 36 56 7 148 87 127 100 88 60 85 21 22 129 131 102 63 113 96 103 48 107 57 24 40 121 126 89 143 115 3 106 85 73 39 84 36 27 108 82 119 114 122 127 66 17 131 12 60 28 36 72 46 114 109 89 31 8 129 75 145 113 69 95 44 114 113 149 139 60 149 103 15 146 90 66 90 66 69 69 124 35 147 55 127 106 24 15 85 19 13 56 35 46 56 123 83 135 129 88 137 93 114 134 122 1 22 75
55 86 4 149 76 6 127 4 122 41 40 134 45 84 23 82 82 34 71 97 136 124 124 22 77 126 118 12 146 64 103 65 81 55 53 123 88 99 66 20 77 137 140 67 19 40 69 91 71 143 149 84 103 66 82 29 8 134 45 141 89 144 56 147 54 83 22 97 36 36 16 82 114 16 132 82 148 106 107 136 29 16 41 3 23 102 13 98 134 53 4 68 21 109 66 102 116 4 114 21 83 88 116 59 76 127 80 58 106 104 115 9 92 36 57 125 11 31 17 35 31 53 99 120 22 5 101 65 10 80 124 90 39 12 62 85 44 51 86 40 110 31 132 142 123 100 39 18 52 119
132 46 67 111 115 25 110 33 3 108 78 146 138 107 118 132 82 67 80 90 37 120 64 56 75 45 110 85 23 100 148 96 54 5 4 134 39 68 8 132 64 24 13 116 132 23 75 12 31 87 85 60 61 102 2 22 143 37 47 17 3 70 143 122 95 28 109 134 47 87 135 122 56 3 81 144 9 57 111 133 65 1 36 87 75 62 138 121 22 78 65 144 144 26 89 139 45 131 72 104 140 125 52 121 26 15 97 116 130 22 22 139 126 55 78 87 83 15 20 73 32 54 96 41 45 38 84 67 15 54 113 112 41 143 97 142 108 28 10 62 8 81 104 54 75 133 13 45 14 113
45 139 54 33 60 29 28 65 135 60 39 109 49 13 116 90 130 138 57 64 147 98 119 33 61 105 99 74 98 140 120 108 7 83 12 7 58 105 33 16 116 128 23 145 97 140 62 46 45 27 13 92 60 43 46 71 8 113 132 28 8 51 110 73 115 44 43 60 87 107 140 104 109 62 3 103 112 145 12 125 82 102 141 118 92 39 60 30 50 41 95 65 50 78 101 8 37 3 25 9 76 12 17 54 60 138 134 80 34 37 115 36 27 95 80 145 117 76 61 128 39 122 98 111 147 31 132 125 15 19 143 40 80 105 93 59 43 19 149 3 80 51 90 18 133 142 94 56 69 148
22 40 83 5 61 112 28 65 86 69 90 81 116 148 20 74 83 142 8 83 6 68 113 91 69 118 52 144 125 143 27 132 61 141 121 32 95 57 11 64 123 36 83 107 132 129 83 89 24 78 134 43 107 125 16 122 133 65 4 18 92 21 141 28 89 5 84 135 141 100 81 75 92 54 3 47 136 123 138 121 144 93 103 105 139 116 6 3 97 99 128 136 61 131 6 4 35 93 13 110 83 92 131 125 22 36 41 10 119 35 82 59 92 125 108 34 45 4 66 105 95 116 83 131 11 11 107 28 115 117 126 135 21 28 48 49 75 106 110 53 94 145 38 149 47 40 150 89 121 48
44 125 66 78 77 136 135 8 6 98 13 19 100 124 31 12 106 18 74 124 99 59 83 48 15 123 108 61 105 89 20 101 134 38 104 66 131 30 149 52 147 76 89 14 49 56 86 52 13 56 14 140 139 29 110 132 117 145 51 150 61 88 52 125 126 12 38 31 117 57 114 107 77 15 119 13 26 103 4 39 20 53 38 61 12 100 23 10 108 54 104 85 30 133 31 35 82 90 35 68 29 46 36 80 28 52 119 120 144 78 30 66 96 32 23 108 124 27 31 141 19 122 30 87 28 93 99 123 136 16 96 77 32 135 70 98 80 140 44 54 77 109 13 30 4 116 120 139 7 120
128 136 142 75 110 1 3 62 93 84 49 1 38 127 132 92 101 55 16 15 74 49 139 35 118 12 7 31 31 148 12 63 23 87 119 98 15 102 106 44 126 57 92 118 52 53 112 95 134 8 7 92 110 85 145 32 69 130 101 27 62 19 22 107 84 117 45 37 143 142 29 148 81 79 88 60 38 105 48 56 45 109 117 26 136 17 69 46 140 46 62 19 60 31 101 83 41 19 61 140 20 25 64 52 67 114 73 31 47 103 138 126 4 31 46 112 61 63 141 14 44 108 120 60 142 150 113 12 66 60 100 32 75 34 109 123 14 123 124 21 149 20 89 2 41 34 108 45 114 141
147 98 23 61 54 103 110 97 102 68 47 108 110 147 28 68 86 145 49 56 101 52 150 98 138 26 36 93 98 29 14 135 17 9 19 141 18 30 141 130 85 92 86 66 49 137 44 5 42 116 54 80 144 120 136 13 98 47 139 29 53 60 33 3 20 104 112 95 113 126 95 148 35 43 126 114 54 12 132 82 70 103 138 117 70 123 60 72 15 8 6 68 124 34 130 67 112 128 75 91 16 71 70 96 11 99 138 125 76 110 22 43 126 37 8 142 33 58 35 43 31 67 113 2 146 58 145 53 64 90 61 48 43 77 64 101 129 111 8 131 127 77 1 61 98 66 15 148 143 114
44 69 111 12 57 21 139 71 53 73 127 127 19 94 82 9 77 72 69 90 111 98 20 61 49 73 82 147 31 113 89 36 140 100 91 85 6 24 58 48 144 55 110 67 62 143 149 61 20 85 2 45 61 142 46 81 51 143 109 96 39 44 100 116 21 44 20 125 93 92 108 110 78 37 126 52 51 135 15 79 83 8 68 133 119 110 82 24 78 94 113 68 14 72 53 10 12 79 134 47 11 76 88 7 147 40 142 35 110 60 32 5 23 73 51 26 109 37 59 39 120 12 146 31 51 72 93 35 108 40 131 87 23 85 40 80 143 33 120 134 65 53 13 52 61 141 132 71 110 144
108 53 8 102 37 99 96 67 11 136 24 8 36 65 124 76 97 12 37 18 135 51 75 127 143 141 9 11 132 141 134 56 14 40 52 71 150 132 138 145 62 43 104 138 3 13 86 138 133 148 101 47 132 115 63 129 3 104 148 68 8 88 72 52 44 97 2 99 100 10 146 105 24 43 49 53 8 133 130 80 132 123 56 140 132 114 53 146 36 116 40 84 36 145 125 62 141 102 30 41 58 139 57 143 25 48 40 33 48 58 70 72 137 22 127 123 99 8 105 128 132 138 53 82 97 41 35 35 148 74 87 89 38 31 75 96 56 29 43 95 78 128 106 64 104 16 13 27 52 103
123 112 90 65 40 126 70 120 119 117 101 81 50 38 150 25 16 109 149 31 84 57 141 99 59 68 149 118 83 37 53 54 18 86 43 126 69 121 76 147 75 111 74 90 134 13 129 64 85 106 74 47 2 6 26 1 106 128 3 77 91 7 71 127 7 59 119 26 48 25 130 52 54 112 113 64 82 138 122 123 140 38 97 25 57 145 42 87 3 33 59 73 73 60 71 124 95 35 13 118 12 122 100 125 28 50 45 42 71 23 2 104 109 92 10 12 43 36 42 114 115 52 5 111 110 121 127 41 43 54 142 55 107 112 5 60 111 81 104 141 150 133 17 129 131 5 37 15 7 94
82 73 62 89 142 76 33 79 35 143 60 141 42 86 148 93 110 103 84 44 118 130 131 116 88 119 28 20 44 129 84 50 29 66 49 112 141 9 116 99 21 106 18 32 129 82 32 23 139 2 106 129 40 24 86 129 2 112 123 136 148 74 61 135 75 23 3 64 110 11 96 34 7 111 41 80 111 27 5 143 6 64 56 108 128 3 45 109 92 58 19 10 116 84 42 84 27 150 90 85 27 82 10 39 30 67 66 62 54 79 145 28 143 5 49 110 140 29 139 34 102 103 128 59 49 134 42 148 6 15 124 93 83 91 89 136 30 108 37 71 31 43 128 6 104 18 91 17 86 100
24 57 36 114 60 143 109 78 18 76 11 121 126 74 124 10 52 10 26 70 51 27 32 26 21 102 39 20 55 112 130 103 68 26 52 43 146 137 38 11 83 118 12 73 25 13 144 17 18 14 86 102 126 13 22 128 137 77 30 6 99 11 66 89 114 26 104 69 65 101 34 20 4 39 78 85 25 6 26 40 23 54 123 38 7 73 131 60 127 133 5 119 120 145 134 134 140 129 100 82 118 59 150 21 102 130 140 147 111 131 2 109 115 123 86 22 136 44 35 28 142 120 106 128 133 71 83 87 22 43 16 109 79 46 6 6 23 58 134 2 97 49 47 110 147 108 131 124 68 137
119 113 61 126 16 5 67 54 106 95 96 120 27 60 135 139 147 109 25 140 99 95 71 117 44 88 72 38 105 135 60 116 25 140 92 129 50 110 60 1 33 80 111 77 76 4 11 3 98 14 65 106 91 3 74 75 29 98 5 61 104 21 29 28 65 74 110 22 140 8 128 87 38 98 67 71 55 123 71 34 37 35 109 40 64 71 107 5 8 140 101 21 47 44 31 121 112 81 107 65 70 115 21 75 85 149 50 27 87 23 3 59 10 30 65 4 39 11 44 8 71 43 42 11 127 118 48 22 49 116 127 113 139 22 66 59 122 131 139 123 73 54 131 85 89 31 17 107 13 74
98 150 92 44 146 144 63 83 98 38 36 54 133 107 51 63 102 25 52 20 83 37 1 38 138 55 15 95 131 108 60 51 111 116 128 132 102 75 137 57 144 73 28 86 95 95 16 89 105 89 100 18 146 121 40 51 74 127 72 109 107 103 99 111 127 26 26 85 1 34 113 19 33 21 139 97 108 118 119 55 96 92 108 61 116 140 103 11 84 53 106 25 126 39 135 31 30 28 26 6 35 6 96 127 6 57 102 14 57 105 64 85 71 85 108 69 55 21 140 14 22 118 49 70 102 82 29 46 42 28 16 61 91 67 24 11 65 34 24 150 111 61 53 139 138 136 61 147 139 31
4 37 109 95 142 138 136 95 87 79 102 67 44 141 145 24 104 117 92 21 103 21 106 19 106 122 72 72 10 13 37 45 33 42 132 137 53 145 90 81 63 98 143 60 22 143 7 55 62 8 121 73 132 17 72 50 8 29 98 72 77 17 131 24 94 3 97 98 121 129 98 81 15 8 23 85 14 10 144 38 120 56 18 44 24 98 106 148 110 141 111 57 92 49 38 89 92 99 142 64 117 67 74 50 75 26 63 56 48 55 47 20 105 1 132 120 105 75 59 103 80 45 133 102 46 61 54 84 104 119 80 148 115 132 102 18 22 121 81 124 24 90 77 113 8 120 132 66 35 76
86 38 97 78 109 128 78 33 121 90 86 84 122 8 63 1 69 79 85 66 80 96 146 44 52 37 105 114 95 83 105 107 71 100 25 25 27 129 111 49 143 35 32 32 123 105 137 16 70 139 53 48 139 73 109 3 59 50 43 93 22 146 120 17 17 105 112 92 38 14 36 17 67 19 43 23 79 44 46 52 114 94 8 92 109 17 14 58 5 57 131 141 65 141 86 129 16 20 64 2 135 50 59 140 2 148 41 114 106 31 110 47 64 47 36 39 37 29 58 84 66 74 4 41 16 64 123 18 35 129 131 3 139 18 96 110 122 35 146 31 144 113 6 73 150 51 69 93 121 119
31 19 89 126 145 117 120 129 86 26 113 13 112 87 144 84 84 47 6 111 101 138 10 68 17 19 96 127 125 105 98 90 70 97 133 61 45 142 20 41 33 59 137 19 62 24 130 90 122 49 141 11 94 5 63 55 7 65 1 123 22 67 42 40 57 143 38 116 85 68 91 57 121 136 70 65 57 5 52 128 58 113 52 143 18 65 69 33 35 105 27 104 71 75 9 11 82 18 2 49 111 141 101 45 146 63 58 1 10 149 150 84 92 7 122 68 81 79 111 68 137 75 36 81 139 92 63 73 6 71 5 135 47 57 135 52 102 118 135 52 6 56 72 28 68 49 67 97 54 132
35 92 35 76 35 27 132 134 30 138 4 78 133 70 72 56 113 2 82 142 83 52 67 144 57 24 136 122 8 103 107 120 45 86 99 30 89 13 3 20 16 121 41 75 32 100 14 122 116 21 124 134 46 51 116 39 126 86 135 24 103 122 76 5 25 105 18 36 119 117 117 10 130 85 63 41 15 25 58 138 34 35 100 48 129 86 89 20 146 55 117 42 21 134 5 85 83 118 110 50 129 52 50 65 62 22 97 118 135 69 110 117 146 86 135 43 121 43 93 63 120 9 86 57 139 69 85 39 26 122 20 40 32 14 90 117 143 28 39 31 104 70 13 138 122 144 83 4 121 2
4 143 46 9 51 34 126 40 9 139 83 15 22 65 40 135 63 121 127 74 89 17 56 100 127 104 80 95 67 15 29 104 81 40 35 106 114 43 87 36 40 120 20 94 35 95 44 111 29 133 120 86 104 97 73 1 10 150 149 81 141 122 54 108 69 63 61 53 22 1 120 118 16 38 86 150 13 132 135 73 106 8 125 139 112 137 62 5 2 44 77 116 18 6 94 144 34 43 100 83 55 136 95 8 6 146 94 32 130 44 4 32 27 14 51 24 50 87 32 43 38 63 120 119 50 86 149 41 21 2 145 24 36 35 98 96 125 64 15 130 123 123 115 75 105 55 125 130 43 133
86 26 38 80 99 79 106 60 49 66 10 80 71 50 146 70 91 2 56 78 77 90 91 141 34 132 39 84 113 95 96 127 80 48 120 43 64 51 46 106 101 68 122 59 24 1 8 130 88 107 85 16 148 68 34 143 2 75 39 144 61 142 13 81 105 67 66 106 22 144 112 68 55 54 119 145 139 1 119 123 1 118 140 109 94 89 35 1 8 129 112 149 75 113 72 69 52 66 94 36 44 114 1 137 113 20 30 58 62 83 43 38 103 139 141 62 87 143 57 2 95 77 92 111 149 40 2 70 138 150 108 124 140 126 101 119 114 42 150 105 144 70 109 79 121 56 44 13 92 29
39 127 113 115 71 42 90 30 128 71 34 60 118 46 103 81 125 1 15 146 3 13 114 24 89 42 43 49 67 50 145 68 59 119 84 50 40 145 150 60 18 143 54 38 44 95 46 102 52 99 67 70 64 93 25 106 39 59 45 108 142 78 142 131 27 112 144 128 17 96 101 126 1 28 122 139 29 55 113 130 147 57 63 22 43 90 54 145 150 12 14 128 23 143 26 108 110 25 44 44 79 96 1 75 123 142 88 149 93 99 59 136 101 80 122 114 52 38 77 100 55 4 91 15 4 104 27 43 55 131 58 5 91 144 85 148 106 149 139 16 31 1 21 35 75 86 135 103 46 62
72 72 50 2 133 75 41 8 124 94 81 83 35 118 113 73 18 16 34 93 119 135 138 74 38 75 86 87 128 137 53 73 23 36 117 86 7 111 128 3 150 63 36 14 120 25 5 75 73 125 97 90 76 126 75 116 58 112 56 138 44 87 106 80 76 47 135 22 88 60 147 67 105 88 55 64 79 138 76 130 21 26 78 135 26 149 110 111 17 55 17 42 24 15 76 106 150 132 135 29 1 32 8 103 57 147 2 145 33 141 130 149 77 62 86 37 110 75 15 120 131 100 75 144 128 75 73 113 147 60 104 8 36 57 35 36 91 85 121 94 78 16 52 8 118 102 51 12 130 27
6 24 97 46 125 23 108 79 16 6 89 56 13 142 27 144 50 139 78 137 139 145 48 101 133 73 10 9 56 34 127 44 105 134 75 53 87 112 22 95 34 26 106 40 102 124 72 34 104 61 104 60 82 123 84 27 147 51 117 41 71 128 30 95 143 47 73 34 91 145 149 21 75 41 86 144 60 69 72 46 123 35 29 51 51 5 105 102 80 89 130 63 89 87 136 80 142 56 123 16 30 98 140 81 62 25 19 81 103 143 140 125 148 24 38 115 149 97 137 42 2 16 127 59 101 103 5 133 26 142 10 40 25 119 101 58 68 146 78 88 40 134 22 29 134 66 108 29 55 39
72 102 145 132 7 146 44 95 45 149 15 13 115 59 58 84 40 142 103 18 110 126 136 54 103 126 140 118 32 145 9 113 83 139 24 36 73 38 124 40 21 129 92 15 58 78 81 42 90 119 112 71 147 131 96 99 19 147 63 75 77 22 102 123 8 142 52 101 124 27 51 68 69 111 140 55 139 43 135 28 56 130 78 83 127 76 123 32 8 88 42 123 22 68 62 50 83 121 31 20 20 81 84 115 62 76 98 114 26 35 144 130 149 112 54 120 59 84 51 106 86 25 39 26 46 112 102 62 119 42 61 110 135 83 111 21 112 35 27 51 20 142 95 114 79 122 34 47 48 125
84 102 70 20 29 54 17 89 77 140 97 94 37 20 150 81 2 68 27 84 101 11 45 33 89 127 135 122 25 8 140 55 138 20 109 28 140 135 102 121 65 123 120 41 30 98 74 68 33 115 85 77 31 107 5 104 101 66 118 75 10 3 75 24 111 81 147 90 43 24 49 23 132 40 123 53 112 4 18 68 53 64 4 31 130 38 111 125 4 113 73 6 65 80 64 120 129 63 135 107 47 100 64 146 85 142 26 43 58 1 139 86 55 55 103 76 25 65 58 58 121 124 129 14 150 72 121 53 110 125 30 25 84 49 81 32 11 22 12 39 149 70 112 111 67 40 140 143 54 92
14 87 62 21 84 76 55 75 114 36 10 53 46 21 123 76 105 25 56 28 44 145 17 73 45 55 40 111 34 101 40 20 134 50 114 135 126 32 68 49 115 71 10 19 149 131 53 58 57 94 62 46 125 13 125 104 64 65 11 10 100 29 14 103 14 46 105 25 82 51 112 41 91 119 5 2 118 56 17 104 43 48 3 131 120 98 59 149 127 37 137 79 126 102 125 75 103 27 104 65 148 5 130 105 102 67 1 75 76 21 15 66 1 28 76 17 118 119 100 72 20 92 103 21 4 113 52 113 101 7 135 50 88 11 142 50 97 143 104 53 27 149 20 40 92 70 81 39 115 117
111 50 23 9 44 149 147 27 110 144 24 11 10 71 116 111 141 104 135 80 57 120 5 65 73 148 70 45 43 55 139 22 37 96 108 139 21 61 42 89 89 132 22 49 75 59 70 97 110 7 130 130 64 88 83 55 21 14 95 86 40 106 47 80 65 79 84 60 68 42 51 62 47 65 38 146 63 26 48 102 26 117 76 149 91 72 111 22 61 43 47 4 66 100 77 74 86 85 126 5 144 126 89 120 20 98 60 13 5 6 5 52 147 92 4 142 30 7 48 122 77 52 52 114 118 31 25 8 40 137 99 82 25 126 29 81 102 101 123 70 78 87 115 77 140 46 63 53 76 88
33 30 36 32 26 123 71 146 77 73 84 39 3 25 88 35 43 104 105 61 106 140 70 113 65 108 3 83 91 44 80 81 119 10 53 8 78 69 53 63 27 17 123 5 56 112 1 74 98 105 120 76 145 74 1 59 111 132 139 112 29 90 40 65 35 60 109 83 120 2 131 3 111 90 57 147 138 66 130 12 108 149 11 48 24 49 15 120 5 131 42 34 105 39 82 134 55 9 28 81 6 107 36 61 145 13 139 22 127 34 44 138 43 62 54 91 48 10 11 87 124 75 1 139 31 102 45 129 5 117 100 103 135 5 1 63 143 86 89 60 83 116 109 96 6 139 97 146 148 107
123 116 97 142 48 111 149 78 70 7 7 7 90 28 19 108 69 15 63 43 81 93 31 13 107 30 128 150 84 61 101 130 52 60 54 145 21 74 9 71 62 49 105 68 114 78 57 70 78 70 1 143 10 9 31 91 135 35 138 72 17 136 146 74 40 49 6 45 45 27 118 99 49 82 95 65 55 18 95 126 124 26 70 86 101 34 42 65 88 71 26 98 111 137 79 113 115 131 24 101 34 98 99 150 41 131 144 141 103 62 4 106 114 80 139 24 84 4 10 148 18 108 79 126 20 34 134 131 18 76 139 21 10 138 98 101 144 148 105 84 121 140 74 147 88 79 113 55 116 61
79 92 59 60 80 12 84 136 127 137 137 93 144 106 26 121 54 56 35 14 58 132 81 51 117 65 23 144 100 81 122 78 118 78 52 62 25 138 67 46 46 49 129 2 115 48 24 31 126 140 52 3 19 73 110 16 132 140 95 39 39 140 61 25 100 38 135 134 127 5 31 79 119 104 122 82 89 40 3 51 101 11 18 61 46 48 19 23 18 124 125 31 34 85 89 117 126 92 100 4 4 31 6 12 114 13 50 25 2 122 7 3 18 87 77 115 69 94 48 65 64 122 37 141 134 105 17 113 136 6 73 131 35 69 1 142 25 60 119 37 41 20 6 121 84 52 18 4 13 143
22 72 114 21 93 136 150 38 93 8 25 63 20 54 38 20 113 4 145 54 54 149 63 148 31 111 28 122 10 125 96 69 111 103 36 28 28 111 78 150 5 96 69 126 122 73 139 90 66 29 17 1 33 81 53 131 99 108 73 94 45 72 117 30 17 8 26 145 127 23 98 9 130 116 145 95 84 36 89 35 91 11 52 44 55 72 36 48 5 69 93 25 108 29 118 11 66 45 44 90 101 94 149 135 132 41 109 14 15 57 89 124 127 28 90 64 92 118 127 86 128 147 93 130 66 77 64 39 137 38 140 78 116 118 138 36 69 120 84 80 48 139 136 48 3 117 129 79 110 25
66 113 139 68 111 42 103 116 43 69 43 25 8 23 79 50 98 85 35 68 65 87 12 82 101 67 126 91 7 143 84 111 51 104 128 98 83 37 43 53 110 130 148 66 16 39 61 44 120 126 9 95 95 21 147 56 62 129 60 80 95 69 84 63 93 49 69 122 112 20 63 111 82 43 40 120 8 67 148 142 117 115 96 141 29 56 144 7 146 51 52 88 11 136 97 17 65 22 13 92 55 125 25 91 83 4 145 4 118 62 89 145 23 111 37 115 134 77 147 45 20 3 137 25 150 20 99 86 105 54 129 147 109 25 91 65 83 31 112 70 47 116 20 129 42 46 69 142 113 108
57 111 44 12 4 33 21 3 76 47 19 73 66 54 81 24 128 64 55 41 26 106 81 43 39 67 93 10 136 140 70 100 148 64 56 142 31 123 60 53 10 17 112 46 119 41 8 23 27 32 102 101 144 143 14 34 93 1 32 141 37 112 105 142 141 3 111 51 123 122 87 130 15 109 121 38 11 89 60 106 55 136 68 12 57 6 21 139 27 40 59 144 83 103 123 138 14 37 134 143 13 136 24 18 131 23 67 110 115 149 107 50 48 65 40 147 106 136 103 82 141 14 104 67 34 96 106 54 140 132 29 130 126 41 122 112 83 96 56 2 148 66 34 106 99 150 81 87 87 3
83 57 141 55 72 57 79 1 13 147 86 29 125 41 134 4 108 80 139 3 72 4 78 36 91 15 11 140 141 67 53 120 69 43 4 12 39 34 81 37 108 144 142 130 34 45 41 56 114 89 92 126 127 148 145 89 126 23 131 2 49 58 147 9 33 36 83 37 23 15 108 18 124 44 114 93 12 78 83 127 48 121 91 33 78 28 47 26 103 22 24 74 84 139 71 44 146 44 24 81 18 55 86 97 51 124 89 45 149 65 86 21 109 91 134 119 19 8 111 139 90 71 72 51 25 74 111 72 43 51 130 50 53 41 17 52 29 131 87 24 81 4 96 118 144 111 58 87 22 30
1 147 48 1 10 10 117 43 61 21 113 117 126 50 72 104 6 59 56 60 70 18 25 37 62 105 90 136 59 123 24 37 147 56 73 149 74 19 51 135 40 76 121 37 61 16 37 60 66 68 74 121 53 135 55 86 135 122 57 24 13 146 121 84 92 44 9 66 28 42 11 112 105 49 105 136 83 122 62 80 61 87 72 137 29 145 33 30 62 31 114 92 85 10 29 132 123 72 61 13 55 150 64 13 66 77 106 149 33 112 92 11 76 33 4 14 147 50 51 29 5 12 32 53 71 39 46 65 65 76 82 91 31 134 70 59 83 82 24 56 59 25 129 96 9 129 82 115 124 85
78 47 96 101 145 62 11 42 45 64 137 106 41 8 42 121 127 59 49 104 134 62 109 41 10 114 140 33 142 19 101 62 4 67 67 144 150 85 128 39 108 35 23 74 109 79 113 25 111 13 47 76 123 17 113 3 33 44 75 35 113 141 83 39 37 46 29 135 86 54 126 45 138 88 101 23 129 127 69 106 48 132 123 102 28 45 19 6 109 93 125 132 62 24 58 36 143 85 97 16 111 78 74 20 94 47 86 4 132 62 3 145 114 41 12 138 81 76 2 72 17 78 9 144 147 150 148 112 118 126 128 27 23 19 83 117 74 67 111 139 12 8 97 127 78 136 119 73 8 69
66 121 27 95 148 34 72 38 44 35 13 145 94 136 8 87 116 55 24 91 146 141 97 99 57 25 40 83 66 64 141 147 114 120 53 117 84 57 133 124 71 65 133 109 141 115 58 11 16 41 142 108 35 49 9 47 105 45 74 104 100 79 14 37 101 22 97 141 99 128 53 109 136 106 141 82 33 48 111 50 69 83 7 65 50 100 78 87 141 60 41 97 57 136 134 69 5 135 17 82 37 3 97 108 95 150 85 45 11 73 137 85 9 47 77 22 143 101 7 87 70 75 38 97 103 66 30 56 91 91 141 26 51 65 135 111 149 134 55 90 65 43 107 53 49 48 53 14 12 66
3 103 138 1 93 33 1 1 87 123 133 127 126 53 145 35 130 10 74 38 36 3 43 27 131 104 59 68 72 65 23 93 112 115 98 73 150 43 129 20 129 138 76 63 111 122 113 131 51 107 144 73 95 21 93 129 96 76 43 88 38 133 65 17 123 74 2 145 133 26 143 30 119 140 102 106 129 76 2 60 97 100 87 85 74 117 143 105 6 85 96 58 108 47 90 43 21 32 62 75 149 136 64 48 42 84 85 70 52 9 32 17 59 116 51 130 78 69 28 107 62 100 143 116 102 118 100 119 5 94 114 131 141 97 148 128 35 22 105 82 140 81 142 138 30 73 42 44 113 84
60 115 115 79 57 91 86 123 47 76 118 45 126 89 62 125 117 112 77 107 127 12 80 115 121 44 17 72 60 18 58 69 67 90 70 47 15 25 21 2 82 110 26 99 124 38 60 124 80 76 52 94 47 150 16 35 97 124 106 15 122 39 26 25 96 62 12 41 58 95 133 126 149 105 3 19 2 114 95 148 74 139 128 143 128 123 81 23 20 76 131 57 93 83 126 59 34 19 47 148 1 40 146 50 59 119 102 19 26 112 106 13 21 99 78 60 10 2 77 95 143 62 55 109 42 35 100 101 35 128 94 99 87 132 79 63 67 19 6 68 72 86 10 55 81 38 74 109 31 32
64 81 144 10 86 71 136 129 103 128 111 41 55 107 41 34 28 66 102 28 7 49 70 62 127 128 77 12 79 60 7 90 40 17 59 17 147 20 140 38 124 12 148 137 50 44 1 48 1 45 53 50 21 3 65 27 72 40 148 89 67 39 117 49 12 103 114 19 30 90 20 90 30 114 116 119 14 138 138 49 36 61 145 71 121 143 104 69 30 54 8 125 103 81 60 61 37 141 117 115 81 31 35 93 11 4 136 90 16 115 1 31 32 108 91 51 68 98 93 65 85 124 22 65 122 8 109 96 133 97 124 94 38 101 21 133 104 142 140 71 2 26 137 134 75 77 77 16 110 21
112 137 24 26 10 24 78 140 108 104 150 84 14 49 138 96 131 105 104 93 78 86 127 65 76 138 87 84 66 76 18 103 9 7 90 91 17 29 133 41 78 105 122 7 99 123 24 85 18 118 140 122 2 32 111 130 135 6 134 126 126 87 126 57 128 26 22 34 150 49 111 132 63 105 131 146 90 141 97 19 145 89 62 102 13 143 14 86 26 32 31 32 76 54 144 82 84 54 101 15 7 1 99 134 42 71 126 49 84 40 39 39 68 91 46 105 126 62 96 144 71 65 120 113 69 70 128 6 115 91 60 82 19 21 134 23 54 57 108 127 131 122 9 33 112 140 94 56 91 45
10 122 27 141 67 64 105 75 117 65 138 40 36 92 11 56 36 15 9 137 52 66 64 149 134 143 114 126 37 70 149 83 30 58 63 23 135 74 45 102 146 107 81 16 90 41 68 64 99 89 96 148 22 139 106 117 94 67 108 52 59 67 80 70 150 13 141 131 50 127 55 150 100 114 51 66 125 120 109 97 133 61 57 56 75 31 28 140 16 123 108 36 10 82 82 19 133 150 129 24 9 56 78 107 141 72 55 34 20 135 5 63 39 51 111 83 78 85 64 102 83 57 108 87 137 150 142 88 73 122 121 90 33 23 33 124 56 69 9 124 102 136 148 4 148 149 147 137 84 60
104 66 91 80 71 21 68 55 134 15 20 76 101 143 119 123 140 61 22 92 26 82 129 109 106 4 28 66 82 39 118 87 90 10 49 82 51 25 126 69 102 117 119 117 21 8 12 146 85 50 46 35 84 50 13 31 52 148 126 72 122 28 56 49 100 14 98 50 6 62 61 31 117 87 27 141 66 139 64 11 34 148 128 90 56 42 58 86 93 59 135 125 101 19 108 52 26 28 129 33 17 97 63 2 148 26 116 4 120 133 20 108 126 40 85 101 56 55 88 133 128 65 68 148 69 40 105 123 23 52 139 50 3 26 137 18 81 15 114 146 62 25 66 75 3 82 84 3 92 130
20 88 134 56 142 86 61 58 107 60 49 93 2 122 120 105 8 141 113 42 17 42 86 42 49 125 12 1 38 148 104 3 55 132 66 110 93 65 120 134 24 102 47 16 38 83 103 112 128 131 58 74 3 25 56 144 99 33 121 16 3 105 57 149 24 87 86 3 33 141 29 94 54 129 83 119 73 120 84 79 124 136 139 73 130 72 3 148 125 38 137 141 130 89 2 120 105 58 29 10 14 102 122 70 126 109 10 7 89 128 104 44 116 108 122 118 29 59 120 67 36 125 17 25 4 80 13 34 86 122 97 23 142 91 108 31 4 80 72 109 65 139 108 52 77 31 48 127 25 101
56 15 57 9 102 45 60 7 46 92 32 68 78 27 150 107 74 13 126 142 17 9 84 131 32 57 4 16 106 97 27 82 128 98 35 118 104 6 67 52 46 100 15 133 13 13 144 31 15 65 83 105 108 100 114 49 93 26 118 107 117 65 2 14 41 115 130 106 118 42 122 17 140 44 50 149 83 6 125 150 57 90 140 41 15 123 134 73 88 121 103 39 93 24 26 31 52 100 88 37 47 61 22 36 34 61 43 130 72 125 52 67 78 62 149 1 73 78 30 110 98 90 48 90 2 82 42 29 5 61 44 80 123 21 42 10 60 63 118 48 129 45 51 101 59 97 102 8 57 37
32 85 34 124 140 48 55 111 39 2 4 101 12 138 10 51 15 26 115 92 139 50 142 69 67 53 29 109 126 138 39 10 118 45 15 50 136 29 71 68 80 77 60 22 148 60 144 10 8 30 20 128 4 35 29 85 84 116 78 85 35 43 57 85 97 24 13 88 2 54 13 116 47 57 81 128 43 131 17 91 99 113 137 117 107 79 35 138 40 99 64 121 124 5 87 88 20 70 140 117 88 32 47 47 87 102 69 87 56 79 28 32 45 124 46 82 24 126 56 139 23 91 100 47 26 147 54 85 5 110 94 69 108 105 45 113 143 31 43 127 45 32 79 116 17 42 96 28 67 66
107 69 98 9 90 87 77 137 2 148 130 45 15 121 17 85 118 82 102 127 71 52 46 18 19 112 43 38 97 46 65 119 27 40 139 43 45 47 46 106 115 118 122 107 50 34 68 113 20 37 29 64 107 28 21 62 77 105 48 59 143 87 10 83 85 77 135 109 149 134 110 97 68 73 81 53 52 94 89 30 143 17 86 102 108 140 66 75 31 128 44 24 91 39 45 70 66 96 56 80 49 29 88 62 141 80 46 51 75 52 99 33 130 105 51 80 78 74 14 73 121 68 47 58 85 143 130 23 41 6 15 146 48 20 109 77 5 60 81 146 122 5 101 113 133 59 45 80 86 65
136 4 42 27 30 22 129 19 28 42 79 49 7 23 16 32 55 60 102 93 73 149 5 128 21 35 57 65 96 69 131 14 130 135 149 134 85 112 41 36 28 144 6 122 11 71 137 20 148 101 1 144 36 4 103 24 7 30 147 129 44 60 136 3 26 130 104 85 7 3 29 71 122 134 128 150 13 140 77 119 133 44 53 80 89 90 63 55 37 65 118 21 28 92 40 83 77 101 80 17 25 56 41 88 94 55 101 76 21 37 66 83 69 145 30 109 124 83 107 113 99 141 45 121 15 79 147 19 83 77 111 72 64 80 23 17 14 137 5 96 97 120 59 103 72 64 53 36 77 141
43 147 42 21 33 26 138 109 16 78 150 69 60 49 58 34 25 108 21 110 113 42 31 139 147 98 145 6 57 58 5 95 69 35 43 20 86 67 8 28 58 114 81 56 94 50 101 4 61 93 23 144 88 139 83 21 2 130 142 63 32 119 1 51 9 90 114 23 38 88 4 107 2 130 20 52 118 68 11 56 18 119 3 126 140 103 50 147 54 28 67 27 22 104 76 126 25 135 53 122 77 94 14 123 30 62 91 61 113 117 41 118 131 42 124 91 97 61 140 64 140 16 146 97 29 116 86 14 20 38 13 81 5 24 133 134 81 55 40 76 57 50 2 1 83 27 82 11 61 111
15 47 27 34 96 54 53 109 84 68 42 9 19 85 38 41 100 66 89 147 149 145 84 80 34 24 29 103 16 114 137 119 38 31 43 63 96 77 71 33 68 91 28 126 70 107 102 123 45 28 76 78 1 76 26 132 53 89 93 133 47 124 44 20 122 148 119 135 10 36 91 118 38 98 13 40 20 98 89 64 56 57 122 37 95 135 65 147 42 143 100 125 126 148 119 46 139 135 5 125 88 79 64 25 77 79 38 65 48 24 49 18 107 35 88 60 65 140 62 113 148 104 107 26 99 133 50 61 135 132 74 149 76 19 64 51 92 76 48 129 3 2 38 104 34 8 80 91 130 40
11 97 82 53 74 97 29 97 30 57 25 86 8 54 23 59 7 15 108 147 113 82 28 18 87 43 74 107 40 136 113 95 111 61 71 33 40 82 22 61 75 126 67 102 63 125 104 88 8 25 82 5 105 31 58 7 38 54 32 56 36 76 89 35 91 102 8 107 132 40 76 67 144 124 122 146 44 64 149 16 93 15 74 146 146 89 140 65 110 128 118 114 24 79 122 112 144 117 26 14 91 21 116 107 113 78 85 16 87 150 34 80 98 33 8 134 26 129 47 134 35 42 108 72 29 78 30 106 81 135 32 127 147 70 52 11 130 134 116 117 105 86 80 110 148 66 110 90 107 57
33 111 131 56 117 110 147 86 30 99 123 9 139 142 65 50 35 112 138 1 69 134 9 89 69 98 48 18 128 81 42 138 25 61 120 121 84 108 112 31 3 30 117 53 17 65 7 146 82 10 45 11 104 62 137 27 84 22 115 51 44 37 6 10 88 12 57 20 100 43 81 140 13 117 120 48 132 83 33 129 86 8 94 135 54 69 142 87 136 30 56 17 40 138 37 137 54 21 3 50 3 1 130 42 64 115 16 136 19 50 6 127 29 2 139 103 33 83 149 145 71 92 35 91 109 2 55 67 87 92 91 118 27 114 19 66 30 123 128 2 141 44 66 66 115 107 14 118 110 31
113 59 65 38 71 48 47 138 72 68 144 108 9 37 19 134 73 142 124 134 104 74 144 23 1 3 24 56 48 137 141 130 73 147 66 45 36 15 8 117 97 144 116 46 86 61 46 27 71 23 38 48 87 38 4 16 29 69 149 98 110 86 76 17 12 98 115 68 86 121 148 116 19 13 140 63 97 71 149 137 53 119 145 37 78 116 84 108 1 150 110 135 76 88 122 103 143 93 56 82 29 94 50 78 148 75 71 67 104 59 82 40 46 64 50 113 125 33 128 34 56 35 80 17 115 59 111 147 114 29 102 41 83 145 85 20 150 128 143 63 15 39 97 46 38 27 43 121 88 35
132 26 95 95 19 127 46 136 146 56 3 141 21 105 73 139 16 18 137 6 20 99 143 54 87 65 51 85 16 17 71 147 61 89 60 26 17 40 101 129 150 44 17 88 20 77 129 21 110 50 30 37 136 108 113 100 6 18 134 134 83 86 15 32 15 120 84 15 133 109 127 96 22 91 44 59 105 61 143 16 148 75 48 82 137 14 20 121 37 83 44 41 80 110 52 146 21 4 144 76 75 89 67 144 48 126 90 16 56 50 145 78 43 54 58 64 90 33 118 71 32 3 13 140 79 66 65 148 63 10 135 46 144 119 125 98 69 108 87 69 34 14 26 1 115 63 80 122 103 94
129 132 18 77 34 45 36 97 115 134 20 62 69 131 14 25 80 42 18 106 93 27 3 71 126 146 148 1 100 40 55 10 142 86 51 137 9 82 117 86 17 52 82 150 124 31 2 21 52 138 97 42 32 131 147 84 86 126 69 98 105 53 82 65 140 49 94 7 24 126 22 148 70 118 117 91 29 90 93 82 98 130 33 138 2 148 10 134 21 141 45 12 19 78 132 8 80 9 101 29 81 18 149 20 120 46 87 75 15 40 66 108 34 9 9 2 111 77 92 108 129 104 88 29 37 132 142 8 59 34 46 107 23 137 2 43 27 126 72 137 99 28 12 35 146 117 52 141 43 15
100 139 95 114 43 47 102 134 56 110 48 131 32 8 137 76 147 58 60 120 34 127 25 114 54 145 71 134 135 114 142 128 74 15 32 4 58 43 110 92 116 5 126 44 50 148 13 80 45 22 13 76 111 44 118 70 76 73 75 23 59 102 57 70 10 70 3 57 139 38 41 133 19 124 27 13 141 55 28 127 11 6 49 100 119 149 38 19 69 45 37 53 141 30 111 79 140 99 43 100 48 122 115 111 101 72 105 144 146 35 141 32 94 85 28 106 10 28 117 7 85 50 106 112 135 18 112 33 59 71 13 68 75 132 134 8 68 140 120 5 21 10 12 116 120 76 75 60 132 75
123 77 52 149 70 54 52 95 8 146 102 82 64 128 3 91 144 33 14 145 38 72 45 97 53 68 98 135 80 56 109 112 57 1 4 7 24 2 49 16 132 40 13 123 43 105 84 143 51 40 20 44 82 12 145 126 113 142 123 85 10 35 140 102 54 107 94 89 126 61 27 58 82 148 30 108 3 64 90 60 64 49 122 47 135 96 123 126 35 133 67 127 1 6 55 51 64 43 89 74 95 135 14 101 27 19 20 37 130 34 103 41 58 94 104 110 21 4 89 63 52 4 134 149 79 128 9 92 7 15 9 74 54 2 105 76 116 8 26 55 141 13 24 102 87 132 119 89 104 149
3 25 93 106 6 47 51 9 108 73 17 2 136 109 20 15 136 132 26 55 107 80 117 18 23 117 101 91 31 60 146 79 52 105 1 43 115 94 101 141 135 45 89 82 18 18 33 54 3 5 100 46 122 115 119 102 27 84 47 134 146 2 98 66 143 47 82 86 130 35 47 146 14 6 35 116 94 36 10 32 106 138 54 82 78 26 116 20 129 69 147 138 120 56 110 91 92 54 37 57 5 72 70 6 143 8 12 125 112 43 24 123 91 36 48 96 76 96 25 31 42 6 16 83 91 96 135 41 84 145 63 133 8 79 84 2 109 81 103 45 60 9 24 141 50 146 50 73 52 76
15 42 83 57 25 19 50 65 111 127 90 97 41 103 20 14 26 65 39 74 46 50 83 150 111 127 55 136 47 70 8 147 66 145 106 113 28 96 19 47 82 42 135 104 67 25 51 50 88 73 18 111 40 106 144 77 50 85 138 67 18 75 87 23 135 5 149 144 83 57 136 112 139 19 66 144 70 111 108 133 145 44 84 16 71 146 109 1 148 37 104 94 124 78 71 33 135 52 57 37 50 26 107 92 63 45 134 61 136 31 104 110 56 25 2 89 35 117 9 83 23 142 49 25 112 106 43 35 131 128 24 16 17 81 16 23 56 139 136 101 51 88 107 104 99 103 144 96 82 113
129 92 21 114 139 70 53 1 101 95 91 11 49 101 112 149 54 43 65 50 119 39 85 49 50 148 123 11 149 89 52 115 126 80 149 114 83 121 71 38 100 119 122 35 139 3 24 31 91 50 144 51 25 54 112 116 63 64 100 131 39 94 65 3 44 54 20 108 80 14 40 27 41 71 4 94 140 109 135 84 58 71 32 95 27 60 107 125 112 10 12 40 125 146 95 142 75 54 2 84 16 3 91 136 149 52 111 77 65 128 126 121 105 51 33 123 30 48 9 112 109 125 24 120 82 68 2 133 71 10 97 28 121 66 136 43 57 78 50 72 46 53 10 104 148 134 117 11 61 94
28 12 98 54 47 136 71 18 124 52 6 149 83 43 109 34 26 95 32 38 13 42 13 85 69 46 108 131 137 11 108 56 3 107 35 35 56 126 7 41 80 60 137 85 116 142 24 24 59 133 14 108 145 1 131 107 1 86 13 117 47 121 61 13 146 142 40 137 35 114 31 21 109 128 32 31 90 43 104 67 108 60 124 35 6 140 68 150 37 104 65 138 49 110 131 9 1 19 103 79 51 109 97 60 102 146 34 26 48 143 23 33 94 106 51 74 86 22 110 24 11 16 41 55 28 14 52 38 107 68 13 133 120 64 99 53 14 12 59 65 95 120 1 124 93 49 18 118 54 136
128 74 66 3 13 73 20 117 117 111 143 98 8 126 82 32 25 60 8 44 53 150 47 29 55 87 149 17 46 97 21 47 119 83 67 62 12 134 148 95 22 149 124 17 3 31 98 31 107 80 55 102 105 145 148 14 102 37 82 85 99 60 133 120 101 118 133 77 108 16 6 87 81 31 3 102 78 112 20 10 146 132 6 67 127 148 54 137 122 49 98 24 25 121 122 31 45 138 135 149 67 7 57 117 119 39 136 47 11 146 118 131 37 43 139 125 63 5 3 9 128 129 132 109 133 21 18 51 74 27 125 27 12 39 61 46 113 73 34 7 115 47 129 7 73 120 90 12 137 134
125 144 84 113 53 24 57 115 6 73 126 30 2 48 13 128 92 134 59 91 119 87 12 98 116 102 33 133 127 70 115 120 43 108 76 140 119 91 91 26 54 59 45 10 145 138 26 98 120 110 27 20 145 80 143 132 115 52 79 115 4 18 94 110 118 64 140 131 130 90 10 112 124 124 85 5 8 127 140 20 117 18 94 124 103 80 30 23 21 48 19 149 124 87 124 88 7 59 67 131 141 16 12 114 12 6 46 98 26 37 132 80 85 64 2 111 41 112 49 121 20 98 3 40 148 64 121 50 119 101 75 23 118 121 28 126 72 93 11 67 44 62 29 145 76 34 4 123 31 33
82 50 4 15 23 77 67 35 86 104 14 90 11 64 141 85 119 144 50 82 55 70 77 72 38 65 141 105 91 36 108 132 137 104 15 61 103 124 96 42 14 133 47 150 55 95 39 88 54 61 99 17 97 31 93 47 147 72 96 100 23 51 133 126 65 51 60 8 37 59 102 99 15 62 129 100 98 150 58 30 144 52 27 27 42 42 110 121 6 3 147 72 125 134 47 38 143 12 5 129 110 53 140 53 49 89 39 25 108 125 53 3 14 2 91 105 86 87 141 6 146 40 99 38 47 125 131 112 73 43 149 75 146 41 7 101 106 48 54 20 42 48 88 83 109 108 74 89 17 40
53 89 148 119 148 51 63 132 34 30 37 74 146 82 85 29 81 51 80 6 28 108 37 1 125 143 101 59 42 148 132 133 81 36 11 68 96 76 15 16 18 95 101 85 149 125 77 115 1 3 100 99 96 88 48 131 96 82 120 67 77 27 138 18 74 129 49 126 78 150 133 136 17 124 93 51 14 82 52 110 48 7 107 51 35 114 46 133 80 147 117 66 8 83 131 107 52 70 81 67 42 63 137 125 143 40 9 95 82 33 145 119 123 19 4 77 54 17 78 47 96 146 97 138 12 16 55 45 85 150 52 138 57 32 5 124 146 30 135 89 71 123 34 94 62 51 127 10 115 135
74 130 13 145 25 105 56 85 131 97 16 118 27 105 129 143 82 16 40 101 39 104 79 68 45 76 132 145 111 25 39 139 26 29 41 146 92 87 135 63 99 35 118 37 76 32 35 139 133 20 130 9 86 58 50 33 13 74 61 128 136 56 86 80 87 23 48 97 49 80 150 35 10 38 124 17 55 55 103 26 81 33 143 81 43 15 16 45 134 25 38 30 84 81 27 16 25 134 138 101 23 61 135 90 34 59 78 49 134 116 58 143 128 99 109 43 41 88 7 17 3 63 65 24 54 132 94 34 95 114 73 143 11 28 85 30 146 54 124 33 100 107 28 13 112 126 31 142 83 19
143 47 28 27 46 60 38 86 35 56 56 140 144 42 33 92 111 7 76 12 92 51 17 54 40 51 80 83 105 112 53 105 54 138 84 81 114 2 67 92 3 87 32 142 60 37 88 34 37 21 150 95 87 104 47 139 41 114 127 35 74 104 57 127 81 13 4 122 37 93 33 142 100 42 14 80 111 144 114 114 109 2 15 132 41 56 37 148 120 38 28 121 131 111 133 115 35 112 28 86 67 46 119 1 105 51 113 2 112 71 9 85 90 95 35 22 70 109 120 59 89 17 117 55 142 60 60 38 59 72 84 11 110 135 132 31 129 60 98 69 108 123 32 46 75 48 112 37 74 143
47 21 99 98 106 35 122 142 2 3 54 149 130 20 101 17 62 55 49 34 136 135 84 89 139 57 2 16 92 87 59 33 110 5 92 50 33 135 69 136 136 3 138 122 38 98 96 30 92 55 33 20 50 129 106 25 99 76 47 24 14 12 21 131 136 90 55 138 48 46 141 78 98 25 124 104 103 95 117 100 124 96 101 34 43 55 76 113 146 94 17 150 139 147 100 47 48 74 131 142 79 84 80 118 76 2 108 104 117 138 37 99 131 9 43 33 132 16 9 134 57 76 123 23 28 44 68 60 120 60 6 15 18 98 128 41 39 137 134 69 20 86 79 50 21 58 82 145 142 141
13 18 111 28 38 35 19 78 22 103 9 109 110 43 81 119 100 150 52 131 83 135 46 65 32 103 135 83 119 7 131 82 140 105 139 31 71 38 58 139 12 92 50 31 18 121 18 103 120 25 143 65 139 29 127 142 127 117 2 81 130 63 94 21 17 26 104 44 111 16 87 125 136 146 42 118 85 33 73 28 50 2 147 134 43 17 77 144 108 23 127 132 57 93 5 125 46 87 102 82 19 146 121 80 120 105 33 62 70 87 16 67 51 120 100 75 95 122 8 27 50 27 125 115 16 63 44 93 112 98 18 35 135 144 4 84 12 29 108 97 45 65 114 25 86 39 11 22 109 38
58 143 77 68 44 83 72 110 48 76 131 29 66 58 93 83 113 92 21 12 85 83 44 6 77 87 30 40 13 146 131 50 10 130 122 132 96 27 111 16 100 4 146 95 36 68 23 43 17 46 88 60 94 98 18 107 146 108 22 10 45 78 24 19 141 133 63 46 106 137 89 126 24 16 110 6 106 106 3 4 52 63 36 90 119 3 108 84 1 149 82 4 18 134 129 2 96 13 143 92 14 94 36 22 118 126 120 84 139 90 62 17 46 76 97 57 14 116 63 137 147 49 124 119 92 87 60 122 62 9 52 62 57 29 83 31 45 91 50 56 129 117 134 32 35 27 37 109 140 69
107 72 27 34 90 68 46 103 122 77 56 13 36 57 11 57 71 14 90 30 50 98 62 75 24 118 131 105 70 56 149 144 58 63 3 34 11 58 16 66 85 73 25 13 114 145 4 13 109 101 58 16 88 55 120 96 4 56 124 135 149 107 142 4 115 72 66 96 98 95 99 15 56 103 13 60 33 73 104 51 59 10 1 82 5 31 20 10 127 132 86 16 105 3 75 124 138 60 74 54 99 94 147 20 128 13 43 79 97 87 2 117 142 66 78 102 119 35 96 150 39 58 34 116 40 8 26 45 126 29 115 14 10 38 22 93 20 75 123 135 127 42 97 38 123 84 17 70 141 125
150 140 104 86 22 127 136 21 13 71 34 5 36 66 21 32 98 2 115 55 91 71 113 137 104 49 113 77 90 77 137 1 95 145 108 79 98 80 3 114 12 39 97 8 102 81 43 130 79 34 99 88 103 116 20 83 8 37 82 38 37 127 103 30 47 101 88 78 52 11 129 116 61 48 81 5 30 68 112 114 65 28 49 71 129 102 110 59 29 23 86 34 50 37 21 146 1 135 14 51 113 141 28 54 34 97 51 102 142 112 19 53 144 126 5 22 106 94 119 88 30 107 57 88 96 40 96 64 116 52 88 57 40 33 129 20 67 110 110 104 2 19 15 112 70 135 52 9 52 19
93 73 47 47 124 91 121 10 6 103 15 118 32 90 100 64 58 88 53 15 47 39 19 15 90 26 140 21 83 81 148 45 5 113 103 119 132 122 83 108 138 67 32 81 108 74 91 148 19 59 21 111 54 139 8 3 79 120 136 115 123 93 98 9 14 6 49 65 149 75 17 97 142 51 29 56 31 119 14 75 27 8 77 40 11 36 141 125 78 115 25 134 141 2 87 64 39 64 89 19 24 44 87 79 130 74 105 67 41 145 77 90 42 146 50 13 100 17 11 98 137 120 110 137 106 94 23 26 23 124 96 11 144 126 37 133 116 80 78 62 48 136 21 98 25 36 128 144 112 56
130 74 139 112 145 15 20 1 40 119 141 73 48 18 127 38 148 33 148 18 56 123 103 76 110 144 148 18 6 75 111 136 5 146 136 28 119 40 131 149 69 49 72 74 136 132 122 19 7 52 70 100 150 23 79 124 107 146 84 85 108 97 30 54 121 43 18 36 131 87 48 65 8 142 41 102 13 77 92 17 78 126 74 59 125 43 31 40 22 4 68 127 51 14 55 45 8 25 15 31 74 112 67 93 42 14 51 107 57 95 121 33 87 99 24 138 115 73 73 27 108 47 124 146 121 77 33 128 150 68 33 67 12 35 2 142 104 32 109 131 109 85 7 2 61 14 26 18 82 113
80 23 137 141 31 66 101 33 58 113 119 126 101 84 97 79 120 144 60 5 71 140 72 42 18 37 35 37 139 5 102 124 112 21 63 81 62 48 9 86 7 96 91 50 122 113 41 35 111 58 122 118 137 117 42 101 16 105 57 47 57 87 20 126 118 41 93 44 116 68 27 36 4 4 138 123 1 85 106 104 128 75 43 47 24 103 129 78 106 90 47 40 69 45 90 107 33 50 14 131 93 132 114 128 91 113 42 143 62 52 146 130 86 84 94 150 4 134 1 73 91 125 142 85 148 47 18 122 37 105 84 3 61 99 146 89 99 128 145 27 123 81 95 85 22 49 12 104 116 103
140 6 95 113 18 130 6 81 74 94 92 92 88 62 37 51 50 26 34 81 123 47 105 16 28 4 107 43 77 33 45 64 141 134 139 63 10 119 93 20 21 22 40 38 51 3 96 142 26 116 108 139 74 111 9 80 50 141 112 44 147 79 48 13 92 125 121 132 132 49 115 130 23 125 143 135 10 150 9 57 27 56 127 61 12 94 24 14 56 33 64 117 75 55 69 119 74 69 93 28 15 96 124 146 119 149 140 96 10 49 4 64 63 132 82 100 147 140 15 135 55 77 142 111 96 51 147 18 135 65 136 51 41 40 72 99 71 140 35 62 104 75 65 37 8 88 51 10 50 115
114 62 40 13 147 55 111 47 33 123 28 70 114 49 66 37 89 69 2 63 108 91 85 54 73 124 83 10 47 135 4 109 49 4 36 41 99 26 57 80 149 24 146 127 134 52 42 25 2 103 83 114 84 116 138 64 101 13 106 113 138 27 138 18 89 32 56 101 21 21 92 113 69 50 92 63 43 38 137 64 137 49 48 15 100 89 40 150 50 149 19 67 3 33 138 29 49 66 18 100 69 36 16 20 29 88 51 5 2 49 88 45 137 77 133 144 24 143 47 90 147 106 22 100 93 54 140 68 135 2 24 146 81 3 136 138 142 124 55 87 94 31 150 10 107 149 114 91 117 141
89 91 124 86 104 98 105 112 102 117 71 47 120 57 150 12 128 37 110 139 59 43 82 120 108 136 127 40 141 91 108 63 126 136 134 43 25 57 131 124 71 103 105 74 40 85 31 107 51 124 61 45 28 9 74 62 85 104 102 22 37 38 96 111 106 39 15 88 46 56 44 130 34 118 66 133 33 97 39 85 30 89 9 94 145 61 44 126 6 40 18 50 46 84 127 90 140 83 122 67 34 101 112 56 142 106 58 94 95 51 75 1 101 119 91 18 13 102 143 124 67 76 93 80 32 106 40 35 14 124 96 15 66 76 108 110 94 41 8 121 103 137 49 139 51 62 19 2 36 3
124 146 3 3 150 82 133 147 20 109 33 91 8 43 94 17 106 58 20 108 80 35 19 149 19 62 117 125 101 59 97 68 48 86 106 1 132 7 125 108 122 69 92 137 55 124 104 136 145 86 21 31 10 91 75 30 77 27 108 48 137 73 125 129 129 141 127 91 75 6 138 133 41 87 115 28 20 35 125 107 65 147 79 136 48 99 89 89 107 20 107 13 84 61 66 51 37 28 104 111 128 16 3 93 60 122 49 30 9 59 98 109 56 25 9 10 114 68 124 134 129 144 89 97 123 129 13 147 119 9 10 37 107 80 45 34 95 71 69 47 147 50 89 150 44 15 42 87 133 96
119 131 61 138 53 44 33 79 10 50 105 23 70 122 96 102 100 105 5 98 3 15 69 25 8 14 29 38 26 101 68 84 12 101 91 109 149 40 28 46 121 3 79 26 32 62 39 4 102 97 132 82 33 3 126 87 99 28 145 9 97 93 29 1 38 99 148 144 20 24 25 132 50 17 82 4 85 29 146 131 10 21 98 144 37 49 106 26 147 111 149 114 31 82 29 74 118 63 56 34 4 3 128 44 61 87 17 131 109 25 1 116 78 88 34 2 13 125 33 58 80 32 110 5 121 127 20 33 67 121 61 91 116 146 21 24 19 63 114 64 31 145 24 108 23 130 112 146 73 54
78 49 60 123 56 4 135 13 126 74 9 51 82 103 25 12 57 88 139 138 24 12 107 44 90 114 134 83 53 68 111 9 44 33 110 119 59 12 120 47 104 55 106 37 102 37 33 52 145 74 11 122 24 106 14 71 75 102 78 46 83 71 34 37 112 146 81 71 6 91 40 4 66 74 1 33 72 101 56 68 46 46 85 133 85 81 24 71 62 11 99 83 38 33 35 86 39 137 18 150 130 43 149 84 140 109 46 101 130 81 42 5 117 67 79 127 48 71 5 34 131 59 36 148 94 99 26 73 121 128 112 15 65 63 42 122 59 144 145 134 76 131 55 84 111 149 123 24 42 46
101 94 38 31 139 129 104 76 7 96 10 15 128 33 118 70 121 120 79 30 64 19 63 25 99 8 29 99 8 131 48 144 31 147 83 9 5 39 19 34 3 86 41 45 9 97 99 127 26 127 80 142 8 69 53 40 50 71 139 2 45 96 116 142 106 88 57 71 78 138 75 44 95 6 143 80 125 50 13 4 150 65 6 88 74 53 11 108 141 7 5 13 132 67 49 148 119 86 78 112 142 111 97 61 34 48 45 144 148 58 19 95 14 60 135 137 44 148 88 34 130 108 113 107 80 62 56 19 133 86 107 13 75 25 100 121 66 90 10 18 65 56 90 116 104 143 21 91 66 115
66 2 33 88 73 3 35 2 40 112 147 9 31 136 139 149 95 24 83 23 66 73 34 36 132 65 92 110 4 138 62 131 33 3 95 27 135 123 48 7 140 44 27 5 146 56 73 40 64 12 28 94 10 83 49 47 131 12 71 54 1 107 131 147 7 4 6 86 29 36 84 80 115 50 102 141 87 149 62 106 12 127 66 36 2 97 32 59 25 93 113 53 129 118 97 97 14 99 69 54 75 3 93 51 103 93 73 118 45 51 9 67 127 38 3 54 87 4 88 75 129 58 43 114 148 86 75 111 13 112 108 138 44 119 104 73 57 61 67 40 98 8 80 50 48 91 24 10 137 143
31 21 139 78 124 68 78 106 51 139 22 21 76 61 92 44 95 126 15 13 22 39 40 53 42 49 102 65 62 51 62 149 62 51 132 105 43 28 63 91 101 103 115 72 19 24 2 24 79 137 21 19 104 15 26 25 86 48 36 54 96 64 22 99 26 45 122 112 47 45 68 32 63 106 62 113 36 47 136 60 147 49 40 141 59 46 22 98 62 90 53 34 39 24 77 30 42 113 48 117 27 20 52 100 118 69 105 138 99 117 81 139 71 102 103 124 109 94 127 56 69 16 8 50 110 44 80 121 126 66 97 112 101 56 106 87 28 67 54 108 93 136 109 110 119 88 41 103 144 17
74 142 140 136 50 27 47 71 94 105 85 49 21 70 19 118 103 115 92 64 29 113 131 2 43 9 67 70 56 53 115 73 99 141 9 147 96 60 138 145 31 46 98 25 114 77 33 31 111 105 43 52 29 142 133 53 64 29 116 14 50 70 47 98 20 65 52 69 80 98 134 8 140 22 126 126 37 129 19 15 117 94 90 60 106 27 59 123 149 61 97 95 101 119 59 119 52 6 118 58 31 20 5 33 102 4 105 117 47 11 73 89 135 10 108 6 76 36 66 59 147 38 65 21 100 129 80 83 117 128 103 111 57 75 132 35 104 22 121 129 112 67 27 11 114 78 8 20 34 132
96 141 138 8 110 29 130 85 17 13 88 92 96 114 114 123 111 40 136 129 62 128 69 141 144 52 33 7 16 27 12 136 24 4 21 62 117 41 98 28 142 100 28 94 24 50 34 118 2 60 150 7 52 11 73 15 141 59 62 82 49 15 97 85 23 120 1 139 138 111 110 81 27 120 141 92 136 131 129 114 69 102 6 141 85 30 122 104 37 66 76 107 148 111 13 46 107 94 76 44 98 57 69 112 59 140 76 126 58 106 45 40 15 122 79 70 143 42 99 48 124 107 76 32 96 56 33 98 145 77 45 42 141 112 37 44 83 83 40 50 146 148 19 46 133 40 36 63 74 39
39 105 31 129 106 109 21 141 28 106 111 19 94 94 142 140 74 4 50 68 120 51 108 121 53 25 76 49 95 69 99 13 116 97 49 21 100 145 71 78 70 77 38 60 24 11 147 41 97 143 87 101 71 121 115 32 78 143 81 82 97 144 118 137 76 108 97 56 49 72 53 123 41 119 121 33 64 47 58 77 125 147 43 139 65 146 139 73 87 18 81 69 85 62 110 113 135 140 138 49 36 129 38 57 84 100 22 3 101 38 28 90 14 110 31 30 94 135 117 79 30 141 2 75 74 117 95 138 118 81 18 147 56 113 40 111 6 84 120 70 47 20 94 148 125 49 20 91 31 67
99 72 29 130 27 61 7 33 119 77 89 7 18 140 16 36 82 19 86 2 147 83 118 39 61 70 147 47 37 42 8 121 67 127 94 13 149 11 37 19 130 77 101 11 54 27 10 135 73 2 28 26 81 23 22 126 142 51 107 130 26 23 94 69 102 47 144 26 93 147 33 58 50 97 128 44 120 28 25 76 69 92 2 110 139 66 88 140 46 76 54 122 9 64 95 125 57 41 117 82 125 7 33 125 38 72 125 79 20 130 30 103 92 141 56 103 45 144 24 46 100 129 139 54 105 60 118 75 98 99 117 65 121 125 22 27 68 1 20 25 127 73 70 42 40 21 71 92 146 74
89 13 58 81 2 129 127 77 126 23 93 100 15 2 22 101 81 90 112 79 145 11 62 76 11 100 80 61 3 43 120 141 136 145 112 39 107 101 62 31 65 108 119 62 101 91 124 141 10 130 138 64 78 62 60 146 46 83 126 104 4 75 109 34 112 134 51 80 101 34 111 126 150 97 80 101 77 76 8 36 112 59 136 120 41 29 83 4 114 75 27 110 36 32 31 96 77 57 57 133 16 26 23 66 62 40 137 50 88 104 120 134 14 33 108 99 135 40 141 129 136 80 142 113 125 133 112 87 102 141 10 70 67 79 99 86 62 118 45 96 78 12 144 55 78 3 20 72 122 92
31 101 75 20 81 135 10 6 60 146 36 55 42 138 6 90 1 35 48 103 105 143 77 50 84 45 49 23 97 9 74 25 118 129 49 137 49 106 74 81 107 64 123 61 149 93 45 4 56 120 9 70 36 46 114 18 32 107 127 96 115 33 94 109 117 127 101 64 15 29 118 92 15 59 26 16 2 96 90 104 61 3 40 70 45 53 16 20 7 123 84 64 123 106 99 20 7 81 91 95 31 113 126 86 84 88 113 127 46 49 119 86 44 14 76 139 79 112 5 73 90 138 69 86 4 65 1 17 46 85 32 98 26 42 81 130 78 29 125 64 106 47 16 118 123 46 29 104 107 86
112 8 14 47 64 73 35 55 93 145 138 59 54 50 126 7 14 54 16 29 69 8 146 83 87 122 124 122 122 33 134 16 41 97 27 45 144 84 57 111 125 139 52 145 29 32 101 76 150 14 102 101 27 115 141 24 73 52 100 39 18 131 140 42 130 103 126 146 130 135 53 117 106 56 133 1 149 91 62 65 112 34 25 67 114 32 18 26 57 40 59 142 31 18 116 27 24 25 71 88 15 109 48 120 30 23 133 103 23 115 89 76 44 61 102 6 31 125 136 105 113 124 86 60 66 125 41 55 95 123 84 1 59 95 27 119 140 137 137 62 51 55 104 113 136 103 49 63 87 119
60 69 127 94 140 4 69 136 100 134 49 115 131 106 56 139 60 69 50 63 60 79 86 52 49 117 24 2 92 23 78 93 26 16 28 125 141 138 15 85 72 110 18 135 38 60 42 15 5 14 80 29 33 111 24 20 24 101 99 115 17 86 142 38 124 58 144 140 2 137 81 124 98 79 29 104 53 110 18 99 19 140 114 73 60 23 121 137 107 56 7 52 15 94 16 29 45 70 118 105 63 61 114 72 18 93 98 44 75 29 136 4 61 109 20 106 120 86 97 79 65 25 77 112 150 130 130 66 12 45 88 80 79 133 25 101 103 24 45 8 18 129 83 106 58 135 11 70 143 10
134 144 50 125 130 44 66 23 149 136 102 29 111 108 20 33 51 117 136 15 99 138 138 36 32 92 133 27 47 32 57 25 96 58 29 121 67 104 60 93 18 149 136 141 20 116 8 13 66 138 58 145 66 89 105 42 134 140 123 79 76 55 15 4 32 8 97 96 115 132 4 41 72 76 47 94 65 74 102 92 55 3 90 37 131 64 71 30 41 43 61 59 7 112 41 81 62 145 122 4 28 75 134 110 95 72 22 97 149 21 108 22 90 116 42 44 55 112 4 73 126 56 8 125 25 6 18 16 92 91 116 59 138 78 26 120 124 4 1 105 56 81 98 93 39 36 109 115 84 51
8 38 14 42 33 89 66 59 80 106 110 52 13 119 51 130 64 144 35 54 23 18 55 56 29 121 87 76 28 29 78 38 107 29 114 40 64 88 108 44 115 32 117 72 112 112 48 84 62 140 61 147 95 120 43 54 62 48 82 140 149 144 66 1 26 81 110 108 89 117 118 64 4 121 41 18 76 134 52 34 113 116 65 21 52 63 25 62 61 62 55 145 87 45 59 50 55 78 125 13 20 29 14 65 57 39 66 75 80 4 5 59 71 125 18 94 16 75 33 56 108 64 102 29 97 119 62 77 102 94 96 97 138 104 123 52 27 137 18 140 54 89 75 88 129 46 118 84 8 1
84 58 135 42 60 8 148 62 132 29 46 17 93 98 113 127 63 4 19 19 130 8 59 62 6 36 51 102 150 149 109 31 84 52 23 22 70 125 126 19 40 119 109 84 73 96 90 37 80 8 146 97 56 138 1 72 32 83 91 21 98 83 97 36 134 51 115 109 96 120 69 11 33 38 31 106 24 112 122 76 59 14 124 107 136 31 135 111 145 86 81 82 31 55 88 59 100 116 122 2 24 147 121 19 52 135 136 109 76 26 40 19 143 95 119 28 135 99 59 95 94 15 103 110 63 10 93 8 59 12 70 20 7 44 59 116 104 135 44 128 106 28 48 36 13 19 39 60 79 25
12 41 103 52 6 29 56 88 7 121 14 147 82 104 13 109 28 84 111 45 107 125 147 64 43 124 71 148 71 127 57 89 74 101 10 22 95 77 136 100 128 128 63 69 147 129 146 122 76 144 150 51 27 35 2 84 76 62 72 125 54 55 115 75 5 120 46 58 28 73 80 70 88 1 33 40 92 90 40 114 55 42 16 139 43 9 49 60 32 89 103 22 140 26 87 51 3 9 28 134 33 119 76 116 80 19 127 125 30 30 118 90 119 144 149 150 34 16 149 61 131 24 142 120 53 112 108 31 16 50 119 37 133 55 140 81 23 11 10 140 63 19 108 13 64 50 64 111 85 96
141 17 91 88 141 118 11 78 139 126 8 110 69 40 139 129 4 52 32 11 15 28 61 78 15 138 24 65 112 109 135 26 4 123 57 50 126 81 69 118 2 145 134 145 89 3 140 25 39 123 25 23 56 76 4 121 129 8 121 124 72 59 139 56 4 122 126 29 147 32 14 94 125 14 124 92 71 105 28 139 89 40 116 93 101 145 81 100 115 23 4 69 117 22 24 101 121 138 50 65 78 42 61 106 1 54 115 45 39 36 76 60 77 75 143 5 95 143 43 83 81 51 39 136 34 60 59 81 105 24 94 14 117 54 147 24 41 142 98 15 66 35 11 63 68 46 72 3 41 16
78 64 71 112 16 85 66 95 54 87 22 2 79 136 145 143 78 52 105 142 94 85 47 80 97 101 79 114 141 81 16 33 68 150 132 139 12 50 94 109 51 91 33 72 103 122 129 71 7 23 17 42 111 148 13 121 64 146 100 116 32 128 62 35 121 127 85 124 73 7 79 2 43 133 41 145 148 104 145 23 129 115 95 43 59 126 28 79 127 43 78 144 56 8 64 42 124 96 94 53 67 34 5 50 2 88 5 84 52 81 82 25 141 4 122 14 20 83 12 107 104 114 62 80 84 149 142 71 50 119 74 76 6 96 128 65 71 11 44 124 66 137 24 3 93 94 92 104 97 1
82 122 47 72 105 43 87 33 119 99 24 145 104 52 62 130 72 61 23 86 39 3 104 122 126 111 7 2 113 68 107 20 53 134 6 126 93 35 48 40 82 54 88 110 41 142 69 130 140 1 75 49 68 37 127 41 28 39 3 34 78 12 138 14 17 79 25 120 106 67 112 9 99 22 79 123 117 62 67 103 39 45 97 30 14 132 32 29 127 130 38 84 47 54 35 139 112 140 91 141 59 68 132 126 32 136 56 120 66 26 137 72 24 132 79 75 103 96 54 105 71 68 14 141 119 126 104 119 10 52 94 71 99 63 47 111 31 80 42 69 124 101 67 47 94 16 26 25 132 46
30 59 35 8 58 95 59 38 90 65 34 75 67 20 133 26 120 94 25 8 120 118 43 111 150 5 147 44 64 108 62 1 106 60 75 53 20 35 81 93 147 108 31 9 90 24 17 61 23 71 66 72 94 122 61 21 35 120 104 41 40 116 71 95 79 17 15 67 39 133 59 141 120 15 70 63 39 6 50 95 72 25 150 2 135 17 100 149 127 109 48 129 28 59 18 145 21 120 62 42 126 52 89 54 109 65 65 98 134 38 51 82 74 15 73 83 15 28 4 148 115 80 20 24 129 93 21 150 90 6 125 150 90 16 91 92 145 101 141 136 32 85 56 140 109 28 89 150 59 133
1 28 98 93 57 27 8 134 123 1 23 98 1 34 94 63 32 118 52 101 66 55 34 23 94 13 76 119 149 150 20 15 42 126 48 121 99 134 2 76 67 58 82 40 27 81 55 1 119 39 81 87 90 59 139 98 120 88 27 87 124 71 98 10 24 13 54 116 27 32 19 59 120 112 136 114 145 62 8 124 47 143 99 23 12 76 2 104 137 116 150 68 70 83 84 85 145 30 113 36 87 4 3 42 83 52 113 79 142 6 57 114 76 123 40 14 137 31 21 140 147 148 5 23 20 123 39 130 94 67 76 114 124 7 76 68 143 14 116 88 7 44 42 90 106 66 137 38 54 54
12 88 83 127 6 134 122 118 110 73 39 17 13 150 9 27 54 34 76 31 107 18 102 102 13 66 69 72 4 15 109 73 4 72 119 27 82 121 81 123 140 25 21 135 118 131 112 27 130 149 79 57 83 72 27 80 59 73 133 145 36 113 138 73 139 34 147 4 145 140 135 49 129 20 62 100 20 87 124 30 78 100 3 95 83 142 66 9 104 66 43 50 28 65 129 24 122 120 90 62 140 137 93 22 110 143 64 52 85 58 32 122 89 78 56 13 27 100 82 21 111 73 102 61 79 118 107 130 73 132 83 6 96 84 138 77 146 133 82 68 93 80 36 56 120 62 114 18 24 118
