50 50 53
11 22 40 8 45 42 13 23 11 36 14 12 1 17 50 18 25 28 7 35 12 25 37 8 47 31 17 26 38 9 42 49 2 43 15 19 21 29 13 18 18 23 21 9 3 22 12 50 32 17
51 12 11 48 37 19 9 20 45 51 7 36 16 45 22 17 48 50 19 43 11 18 6 29 46 16 5 52 38 12 13 15 42 38 51 15 46 50 51 20 52 51 24 36 7 8 17 13 12 8
30 26 16 28 15 45 22 31 17 49 21 48 45 38 28 44 4 11 8 38 20 20 36 19 23 14 3 18 6 39 10 39 51 46 3 39 32 34 10 47 24 35 16 44 41 23 47 5 32 41
21 45 45 4 29 10 29 2 10 13 13 35 35 7 11 1 10 26 39 3 22 39 35 36 35 44 45 8 29 3 49 49 52 34 43 44 19 11 27 32 34 28 38 16 41 2 9 23 6 30
6 48 36 25 27 21 10 46 1 52 9 19 20 51 12 2 8 16 14 7 16 30 1 46 10 11 18 38 32 27 45 41 8 49 41 30 7 1 13 15 3 19 51 41 12 7 6 49 17 19
35 43 46 52 2 37 38 31 22 40 8 44 18 39 50 44 20 51 14 19 3 2 23 32 38 45 22 38 5 11 37 52 48 42 21 2 38 27 13 28 23 24 15 51 42 34 52 34 4 28
11 15 12 3 43 47 38 22 52 33 38 2 7 21 12 23 11 26 32 41 10 9 11 43 44 24 23 52 42 45 49 37 22 34 20 31 30 15 50 32 30 32 48 43 24 3 38 13 10 35
39 1 3 10 14 3 26 34 33 32 28 40 48 10 42 26 43 41 51 35 44 5 44 23 46 10 11 12 30 34 50 49 48 15 35 32 37 50 28 7 34 1 14 41 3 35 31 13 4 38
11 36 48 6 18 46 49 38 8 40 20 26 12 46 46 46 15 26 25 23 15 38 31 14 45 52 1 11 43 52 24 18 48 43 39 13 14 25 19 35 48 26 32 35 52 31 10 22 25 23
41 13 24 39 52 6 13 24 9 32 12 21 18 25 31 40 33 18 27 34 36 24 33 21 52 38 18 28 50 28 6 19 36 1 6 37 22 23 2 12 23 4 13 32 34 51 27 12 16 6
38 19 31 50 13 1 2 46 17 1 18 25 44 46 27 14 20 28 15 44 48 38 44 27 34 49 24 33 11 51 36 20 49 12 25 16 10 6 2 52 18 32 21 18 26 40 22 52 11 29
45 20 30 39 5 51 8 9 43 48 43 43 46 10 22 6 52 50 21 6 33 4 37 12 49 6 19 28 44 26 4 9 32 18 13 42 20 51 22 12 29 34 45 49 4 29 45 30 2 50
6 41 49 18 4 2 36 39 33 29 44 42 6 28 8 31 39 25 10 2 39 5 28 15 35 18 22 42 25 3 38 28 50 34 2 23 22 35 46 27 17 46 7 45 32 25 16 41 44 29
14 28 30 35 46 21 13 14 46 7 5 22 7 2 19 17 36 9 12 37 27 14 11 21 29 9 32 7 5 38 39 2 18 18 45 5 11 16 23 7 50 9 30 1 47 49 9 43 47 33
47 48 25 49 17 10 34 12 18 19 21 31 20 50 25 34 35 20 14 13 19 25 48 23 3 34 41 8 23 9 42 46 27 40 30 28 51 52 50 2 49 26 27 9 6 42 51 6 33 45
20 24 33 52 5 39 34 30 26 12 13 3 15 37 30 46 48 18 19 46 25 21 27 13 5 44 4 44 50 18 1 6 13 41 23 50 25 33 27 49 35 39 40 28 46 23 1 39 32 38
32 51 11 33 46 20 8 17 42 5 11 9 18 48 13 49 4 36 45 44 11 46 34 2 8 36 2 11 40 2 27 18 41 19 13 42 30 52 46 26 32 39 27 25 45 23 43 39 51 18
19 13 8 15 10 33 47 46 24 43 22 32 22 10 6 11 29 16 41 15 50 24 18 42 4 24 3 41 8 7 27 24 10 1 50 26 2 3 20 27 44 40 28 9 24 6 38 29 51 44
52 34 5 31 34 49 38 9 46 25 2 35 29 22 31 47 4 28 7 8 24 1 39 5 17 28 15 42 42 51 5 32 39 37 7 34 51 15 44 16 29 29 6 3 14 51 22 26 24 42
27 22 23 43 17 37 35 22 42 3 42 44 38 41 47 3 12 41 46 29 51 8 47 46 21 3 5 23 29 6 29 31 14 47 25 26 16 13 7 45 40 50 13 47 42 21 26 5 21 23
38 40 45 31 21 48 31 26 49 52 23 48 48 4 47 42 50 47 30 6 51 13 10 9 23 7 43 48 8 13 25 12 33 47 29 32 38 31 24 31 51 20 3 3 27 44 19 44 3 23
32 25 43 42 36 6 29 11 49 7 2 4 43 10 29 17 38 14 41 35 46 22 16 30 49 30 20 14 28 15 42 43 18 25 32 16 34 31 12 20 5 26 48 47 38 52 45 20 8 11
24 52 2 2 25 8 30 33 48 13 17 48 22 23 49 37 31 3 50 41 29 46 35 51 42 46 43 21 26 25 47 8 43 28 52 21 48 11 34 20 10 28 30 10 24 19 10 38 31 4
22 13 15 48 34 2 47 13 10 48 22 48 29 14 16 38 11 37 16 29 36 46 9 37 7 1 34 15 20 17 35 23 29 48 39 48 46 40 2 5 21 51 41 16 25 12 17 15 31 43
13 5 35 30 42 35 35 34 24 37 3 47 28 19 36 46 10 40 44 47 1 50 40 7 17 22 9 7 34 37 32 24 14 11 41 29 12 31 39 14 12 40 50 11 17 13 37 26 41 47
48 13 9 34 5 5 47 28 26 29 19 20 44 51 50 52 46 18 19 46 41 29 2 8 45 17 24 47 28 47 23 16 43 14 40 21 22 32 14 45 12 36 35 10 23 41 43 12 14 37
9 49 1 48 6 8 49 11 39 37 20 22 32 51 43 23 10 21 31 26 43 19 51 15 42 36 18 37 44 48 22 13 29 36 24 29 47 45 20 51 4 45 8 12 51 27 34 2 12 36
1 31 15 2 42 21 11 5 34 1 22 36 39 15 28 8 24 9 38 40 26 19 4 31 5 32 34 19 44 21 49 20 33 29 34 30 27 11 3 46 1 36 33 8 17 6 41 42 14 25
31 39 5 33 49 24 3 2 29 47 11 7 50 44 4 4 11 40 10 31 15 39 14 29 38 48 25 23 12 34 47 48 49 9 23 9 35 28 18 11 26 20 11 36 19 19 24 29 42 7
4 33 11 45 38 2 34 46 27 28 38 7 32 22 22 43 44 50 10 52 42 1 23 19 43 3 5 4 14 5 15 45 52 15 43 49 22 40 18 11 33 21 12 46 26 36 44 42 31 4
26 7 47 7 41 44 19 39 23 19 29 35 17 27 52 22 50 26 40 44 50 52 46 35 1 31 30 32 4 39 15 16 42 11 36 21 51 3 12 18 40 15 7 45 40 3 51 22 44 10
32 10 15 23 38 3 31 38 12 15 27 3 34 38 22 3 6 29 52 23 44 18 38 17 27 19 19 50 12 14 12 23 49 16 49 19 35 9 39 28 37 14 45 36 9 28 44 9 9 39
33 47 23 1 42 40 12 32 36 25 29 6 16 22 36 33 14 2 17 40 2 49 38 48 36 12 28 43 51 34 6 5 23 31 9 9 1 45 31 44 45 41 51 18 48 39 50 23 15 34
4 41 20 33 8 27 52 27 23 29 22 46 9 39 18 42 34 10 38 4 20 16 45 52 47 2 8 48 12 41 47 28 3 10 24 12 12 36 47 17 39 29 43 46 19 45 11 28 17 50
43 21 37 27 11 35 31 26 47 16 16 8 43 29 10 31 8 26 25 7 50 30 28 18 22 24 21 2 25 2 11 47 2 18 22 13 27 1 3 18 9 2 7 38 46 9 50 29 42 24
24 42 50 50 23 5 29 48 13 4 8 34 36 11 45 28 46 22 21 15 9 48 51 20 6 24 43 36 42 46 4 23 9 48 41 28 18 10 38 21 33 4 39 3 42 46 9 35 50 13
19 15 10 12 49 41 38 15 42 16 34 51 13 42 4 22 43 30 47 40 6 48 31 15 35 10 44 32 28 51 33 40 4 36 9 13 20 42 42 34 21 44 29 50 52 18 36 44 14 35
49 30 32 24 37 17 28 44 8 38 25 27 51 34 8 19 42 32 2 42 22 34 20 8 48 36 37 15 50 39 8 8 11 49 28 29 38 51 16 37 29 7 12 12 43 21 42 26 48 15
17 38 11 15 39 8 5 8 2 18 4 16 31 41 19 12 12 42 47 21 12 9 49 51 19 42 51 39 7 20 7 12 12 26 6 40 5 5 4 6 14 24 8 42 14 27 12 2 39 2
14 5 4 46 50 10 36 27 16 1 37 34 42 51 24 11 22 10 13 36 33 12 23 3 5 51 21 9 33 10 49 16 28 47 49 31 21 25 26 7 41 12 16 29 11 15 11 13 52 23
22 15 10 51 1 35 33 23 20 43 3 27 9 43 10 3 1 51 40 43 26 1 18 32 22 40 36 45 14 30 38 16 2 46 43 31 49 42 13 16 47 13 29 12 47 37 44 47 18 49
43 48 23 4 28 48 12 8 44 18 40 47 31 51 33 23 12 23 13 2 47 33 43 10 8 28 9 48 10 41 25 36 30 47 25 51 50 27 11 3 48 52 27 50 40 39 29 25 11 23
3 52 37 2 4 9 12 21 6 50 40 37 10 24 2 5 39 16 25 24 26 19 22 28 45 44 25 18 27 16 47 25 25 2 17 28 52 35 38 25 19 10 21 52 6 1 12 9 22 29
19 29 17 42 11 9 52 35 39 25 17 25 39 26 22 16 10 19 9 40 15 51 2 40 17 45 42 17 25 36 37 40 30 12 42 29 51 36 34 32 29 41 39 33 50 46 52 16 40 9
34 31 24 36 45 13 11 49 17 10 24 1 44 30 2 46 38 29 8 19 46 38 42 14 38 41 50 21 9 52 1 15 38 47 42 40 42 28 40 38 24 8 24 41 3 38 1 9 46 16
9 50 6 37 13 36 41 52 13 19 2 49 3 34 45 47 27 35 8 2 44 38 27 23 14 29 16 13 50 46 15 30 31 25 18 40 47 26 41 52 51 19 45 12 45 11 51 33 26 29
24 15 8 31 16 17 27 10 40 21 42 6 39 36 47 43 28 10 8 30 41 7 17 19 41 35 19 36 29 34 22 49 32 5 1 1 32 32 19 49 45 4 21 21 18 16 47 24 9 3
51 33 46 5 43 37 27 36 36 24 20 14 30 44 17 8 41 12 4 25 17 37 50 23 22 24 33 47 29 27 18 11 8 3 30 39 4 9 5 13 5 14 15 29 22 13 12 31 46 32
50 7 39 41 24 21 42 4 25 24 6 4 19 8 8 2 24 31 4 42 1 23 30 51 15 10 51 11 15 29 42 4 23 26 1 3 5 2 30 34 25 19 8 21 31 40 41 41 27 9
33 35 34 47 15 34 35 36 46 30 35 31 11 48 27 32 45 28 16 8 9 32 17 41 23 40 38 6 17 18 33 19 9 47 46 47 6 12 40 34 28 31 51 13 21 29 30 9 39 32
